[["init", [[[-0.7070676076354401, -8.742055968014508e-08, 0.7071459305344423, 114.49925867026282], [-6.181224370765886e-08, 1.0000000000000153, 6.181909082616875e-08, 1.8306504640311395e-05], [-0.7071459305344315, 1.479655181051734e-16, -0.7070676076354293, 180.50948474442492], [0.0, 0.0, 0.0, 1.0]]]], ["setGripper", 27.0000009537], ["fingerGait", [[[-0.70706760763544, -8.742055968014509e-08, 0.7071459305344423, 114.49925867026282], [-6.181224370765884e-08, 1.0000000000000153, 6.181909082616877e-08, 1.830650464031139e-05], [-0.7071459305344315, 1.4796551810463786e-16, -0.7070676076354292, 180.50948474442492], [0.0, 0.0, 0.0, 1.0]], [[-0.7356863882240751, -8.742055977337038e-08, 0.6773223066019176, 113.74205766411482], [-6.431411349960916e-08, 1.0000000000000153, 5.921189309427724e-08, 1.814716372336256e-05], [-0.6773223066019074, 1.5420859627022657e-16, -0.7356863882240638, 181.3008635970554], [0.0, 0.0, 0.0, 1.0]], [[-0.7630482609778961, -8.742055986625804e-08, 0.646341488887519, 112.98485665796683], [-6.670610371197106e-08, 1.0000000000000153, 5.650353283518711e-08, 1.7987822806413727e-05], [-0.6463414888875093, 1.6429887427995773e-16, -0.7630482609778846, 182.0922424496859], [0.0, 0.0, 0.0, 1.0]], [[-0.7891064785969805, -8.742055995864938e-08, 0.6142564075978364, 112.22765565181884], [-6.898412766965194e-08, 1.0000000000000153, 5.369863723690082e-08, 1.7828481889464895e-05], [-0.6142564075978272, 1.782191130633675e-16, -0.7891064785969686, 182.88362130231639], [0.0, 0.0, 0.0, 1.0]], [[-0.8138165210543016, -8.742056005038653e-08, 0.5811218795552268, 111.47045464567084], [-7.11442934069907e-08, 1.0000000000000153, 5.0801998416426034e-08, 1.7669140972516063e-05], [-0.581121879555218, 1.9594553012635323e-16, -0.8138165210542894, 183.67500015494687], [0.0, 0.0, 0.0, 1.0]], [[-0.8371361716574477, -8.742056014131277e-08, 0.5469945145441937, 110.71325363952285], [-7.31829103171157e-08, 1.0000000000000153, 4.7818565232524265e-08, 1.750980005556723e-05], [-0.5469945145441855, 2.1744784018316508e-16, -0.8371361716574351, 184.46637900757736], [0.0, 0.0, 0.0, 1.0]], [[-0.8590255891751314, -8.742056023127277e-08, 0.5119326185945218, 109.95605263337485], [-7.509649545728456e-08, 1.0000000000000153, 4.475343483066879e-08, 1.73504591386184e-05], [-0.5119326185945141, 2.426893068983079e-16, -0.8590255891751185, 185.25775786020785], [0.0, 0.0, 0.0, 1.0]], [[-0.879447375905264, -8.742056032011281e-08, 0.4759960943664043, 109.19885162722686], [-7.68817794994334e-08, 1.0000000000000153, 4.161184393465726e-08, 1.7191118221669567e-05], [-0.4759960943663971, 2.716268056499533e-16, -0.8794473759052508, 186.04913671283833], [0.0, 0.0, 0.0, 1.0]], [[-0.8983666415683014, -8.742056040768113e-08, 0.4392463388077545, 108.44165062107886], [-7.85357123157688e-08, 1.0000000000000153, 3.839915989975704e-08, 1.7031777304720735e-05], [-0.4392463388077479, 3.0421089720763154e-16, -0.8983666415682878, 186.84051556546882], [0.0, 0.0, 0.0, 1.0]], [[-0.9157510629167, -8.74205604938281e-08, 0.40174613825855165, 107.68444961493087], [-8.005546818985997e-08, 1.0000000000000153, 3.512087154266897e-08, 1.6872436387771903e-05], [-0.4017461382585456, 3.4038591219832617e-16, -0.9157510629166863, 187.6318944180993], [0.0, 0.0, 0.0, 1.0]], [[-0.9315709389586433, -8.742056057840655e-08, 0.363559561181434, 106.92724860878288], [-8.143845064432782e-08, 1.0000000000000153, 3.178257976397617e-08, 1.671309547082307e-05], [-0.36355956118142857, 3.800900462166627e-16, -0.9315709389586292, 188.4232732707298], [0.0, 0.0, 0.0, 1.0]], [[-0.9457992417016857, -8.742056066127197e-08, 0.3247518487018067, 106.17004760263488], [-8.268229687688285e-08, 1.0000000000000153, 2.8389987979099522e-08, 1.655375455387424e-05], [-0.32475184870180185, 4.2325546541669677e-16, -0.9457992417016715, 189.21465212336028], [0.0, 0.0, 0.0, 1.0]], [[-0.9584116623296253, -8.74205607422828e-08, 0.2853893031444749, 105.41284659648689], [-8.378488179713325e-08, 1.0000000000000153, 2.494889237410825e-08, 1.6394413636925407e-05], [-0.2853893031444707, 4.698084224049004e-16, -0.958411662329611, 190.00603097599077], [0.0, 0.0, 0.0, 1.0]], [[-0.9693866527337066, -8.742056082130063e-08, 0.24553917475723613, 104.65564559033889], [-8.474432165726612e-08, 1.0000000000000153, 2.1465172003033373e-08, 1.6235072719976575e-05], [-0.24553917475723247, 5.196693822363448e-16, -0.9693866527336922, 190.79740982862126], [0.0, 0.0, 0.0, 1.0]], [[-0.9787054623272033, -8.742056089819046e-08, 0.20526954681496123, 103.8984445841909], [-8.55589772703989e-08, 1.0000000000000153, 1.7944778743602675e-08, 1.6075731803027743e-05], [-0.20526954681495818, 5.727531582988177e-16, -0.9787054623271887, 191.58878868125174], [0.0, 0.0, 0.0, 1.0]], [[-0.98635217008048, -8.742056097282092e-08, 0.1646492193004634, 103.1412435780429], [-8.622745681110272e-08, 1.0000000000000153, 1.4393727128557599e-08, 1.591639088607891e-05], [-0.16464921930046095, 6.2896905785271925e-16, -0.9863521700804653, 192.38016753388223], [0.0, 0.0, 0.0, 1.0]], [[-0.9923137117218043, -8.74205610450645e-08, 0.12374759136088316, 102.38404257189491], [-8.674861819331267e-08, 1.0000000000000153, 1.081808406992509e-08, 1.575704996913008e-05], [-0.12374759136088134, 6.882210369780837e-16, -0.9923137117217894, 193.17154638651272], [0.0, 0.0, 0.0, 1.0]], [[-0.9965799020574352, -8.742056111479779e-08, 0.08263454274041157, 101.62684156574691], [-8.712157102156273e-08, 1.0000000000000153, 7.223958493800332e-09, 1.5597709052181247e-05], [-0.08263454274041036, 7.504078646640034e-16, -0.9965799020574203, 193.9629252391432], [0.0, 0.0, 0.0, 1.0]], [[-0.9991434523728561, -8.742056118190163e-08, 0.041380314391921066, 100.86964055959892], [-8.73456781122114e-08, 1.0000000000000153, 3.61749090334914e-09, 1.5438368135232415e-05], [-0.041380314391920484, 8.154232957601104e-16, -0.9991434523728411, 194.7543040917737], [0.0, 0.0, 0.0, 1.0]], [[-1.0000000000000153, -8.742055968014708e-08, 5.53826539543164e-05, 100.11243955345095], [-8.74205596801403e-08, 1.0000000000000153, 4.841766477470048e-12, 1.5279027218283604e-05], [-5.538265395431682e-05, 1.8383459732873002e-16, -0.9999999999999999, 195.54568294440435], [0.0, 0.0, 0.0, 1.0]]]], ["closeGripper", 0], ["pivot", [[[-1.0000000000000153, -8.74205596801471e-08, 5.53826539543164e-05, 100.11243955345095], [-8.742055968014031e-08, 1.0000000000000153, 4.841766477470049e-12, 1.5279027218283604e-05], [-5.538265395431682e-05, 1.8383459732696036e-16, -0.9999999999999999, 195.54568294440435], [0.0, 0.0, 0.0, 1.0]], [[-0.999796138055836, -8.742055965358149e-08, 0.020191220763102775, 96.13728856956863], [-8.74027379246271e-08, 1.0000000000000153, 1.7651280026844553e-09, 1.4931517288494617e-05], [-0.020191220763102615, 1.834847537929192e-16, -0.9997961380558206, 199.59573777111353], [0.0, 0.0, 0.0, 1.0]], [[-0.9991868652415511, -8.74205596270142e-08, 0.04031887146277194, 92.08139224089783], [-8.73494749239736e-08, 1.0000000000000153, 3.524698490363396e-09, 1.457694855559666e-05], [-0.04031887146277162, 1.8366990162845684e-16, -0.9991868652415357, 203.5649284209925], [0.0, 0.0, 0.0, 1.0]], [[-0.9981724286133471, -8.742055960045606e-08, 0.060430173120732254, 87.94639520717762], [-8.726079227598212e-08, 1.0000000000000153, 5.282839735057504e-09, 1.421546479491856e-05], [-0.06043017312073179, 1.8438996645023457e-16, -0.9981724286133317, 207.45164541289398], [0.0, 0.0, 0.0, 1.0]], [[-0.9967532395187183, -8.742055957391776e-08, 0.08051697073418491, 83.73397418297155], [-8.713672594089317e-08, 1.0000000000000153, 7.038838821858779e-09, 1.3847212585788221e-05], [-0.08051697073418428, 1.8564465762874458e-16, -0.9967532395187029, 211.25431270820638], [0.0, 0.0, 0.0, 1.0]], [[-0.9949298734296671, -8.742055954741018e-08, 0.10057111923656263, 79.44583727777086], [-8.697732622680333e-08, 1.0000000000000153, 8.791983704490396e-09, 1.3472341252095588e-05], [-0.10057111923656184, 1.8743346537194295e-16, -0.9949298734296519, 214.97138834992722], [0.0, 0.0, 0.0, 1.0]], [[-0.9927030697093551, -8.742055952094394e-08, 0.12058448680030169, 75.08372330336707], [-8.678265776926635e-08, 1.0000000000000155, 1.0541563494036866e-08, 1.3091002801742908e-05], [-0.12058448680030075, 1.8975566048987732e-16, -0.9927030697093399, 218.6013650879632], [0.0, 0.0, 0.0, 1.0]], [[-0.9900737313122931, -8.742055949452981e-08, 0.14054895813424528, 70.64940106877478], [-8.6552799505083e-08, 1.0000000000000153, 1.2286868747204907e-08, 1.270335186500633e-05], [-0.1405489581342442, 1.9261030717927031e-16, -0.9900737313122779, 222.14277099214672], [0.0, 0.0, 0.0, 1.0]], [[-0.9870429244182026, -8.742055946817856e-08, 0.1604564377743417, 66.14466866299142], [-8.628784464029347e-08, 1.0000000000000153, 1.4027191753998098e-08, 1.230954563183449e-05], [-0.16045643777434046, 1.9599624560788753e-16, -0.9870429244181874, 225.5941701052077], [0.0, 0.0, 0.0, 1.0]], [[-0.9836118779996841, -8.742055944190082e-08, 0.18029885336630253, 61.57135272588353], [-8.598790061238233e-08, 1.0000000000000153, 1.5761826824688694e-08, 1.190974378810889e-05], [-0.18029885336630114, 1.9991210592366249e-16, -0.9836118779996689, 228.95416430629837], [0.0, 0.0, 0.0, 1.0]], [[-0.9797819833238777, -8.742055941570724e-08, 0.20006815893889035, 56.93130770749622], [-8.565308904671384e-08, 1.0000000000000153, 1.7490070575970296e-08, 1.1504108450892381e-05], [-0.2000681589388888, 2.0435629661313913e-16, -0.9797819833238627, 232.22141526716808], [0.0, 0.0, 0.0, 1.0]], [[-0.9755547933883141, -8.742055938960844e-08, 0.21975633816650783, 52.22641511608575], [-8.528354570721313e-08, 1.0000000000000153, 1.9211222216175193e-08, 1.1092804102691677e-05], [-0.21975633816650614, 2.0932701104982804e-16, -0.975554793388299, 235.39489908835412], [0.0, 0.0, 0.0, 1.0]], [[-0.9709320222911818, -8.742055936361502e-08, 0.23935540761976604, 47.458582755179776], [-8.487942044131521e-08, 1.0000000000000153, 2.092458382944084e-08, 1.067599752476081e-05], [-0.23935540761976418, 2.1482223899761535e-16, -0.9709320222911668, 238.4759764405295], [0.0, 0.0, 0.0, 1.0]], [[-0.9659155445362743, -8.74205593377376e-08, 0.2588574200027135, 42.62974394997579], [-8.44408771192027e-08, 1.0000000000000155, 2.262946065871029e-08, 1.0253857729472405e-05], [-0.2588574200027115, 2.208397516363919e-16, -0.9659155445362595, 241.47926930880624], [0.0, 0.0, 0.0, 1.0]], [[-0.9605073942728881, -8.742055931198651e-08, 0.27825446737541326, 37.74185676338983], [-8.396809356735745e-08, 1.000000000000015, 2.4325161387451637e-08, 9.82655589178423e-06], [-0.27825446737541104, 2.273771080864125e-16, -0.9605073942728733, 244.4648617035515], [0.0, 0.0, 0.0, 1.0]], [[-0.9547097644709908, -8.742055928637231e-08, 0.2975386843605612, 32.79690320207501], [-8.34612614964531e-08, 1.000000000000015, 2.6010998419982384e-08, 9.39426527982889e-06], [-0.29753868436055886, 2.3443166523345046e-16, -0.9547097644709759, 247.5662683771102], [0.0, 0.0, 0.0, 1.0]], [[-0.9485250060319839, -8.742055926090535e-08, 0.31670225133284624, 27.796888412730283], [-8.292058642361757e-08, 1.0000000000000153, 2.7686288160285133e-08, 8.957161184654676e-06], [-0.3167022513328438, 2.4200056107628527e-16, -0.9485250060319692, 250.87750041973226], [0.0, 0.0, 0.0, 1.0]], [[-0.9419556268354288, -8.742055923559597e-08, 0.3357373975897571, 22.74383986902673], [-8.234628758909741e-08, 1.0000000000000153, 2.9350351289201256e-08, 8.515420849146228e-06], [-0.3357373975897545, 2.5008070799251494e-16, -0.9419556268354142, 254.15835246946483], [0.0, 0.0, 0.0, 1.0]], [[-0.9350042907221172, -8.742055921045439e-08, 0.3546364045025526, 17.63980654947978], [-8.173859786735697e-08, 1.000000000000015, 3.100251303989043e-08, 8.069223396153647e-06], [-0.35463640450254985, 2.58668842244855e-16, -0.9350042907221028, 256.8507530948127], [0.0, 0.0, 0.0, 1.0]], [[-0.927673816413902, -8.742055918549086e-08, 0.3733916086461155, 12.486858106602078], [-8.109776367264971e-08, 1.000000000000015, 3.264210347144437e-08, 7.618749755859383e-06], [-0.37339160864611254, 2.677614874529087e-16, -0.9276738164138877, 258.7359412109907], [0.0, 0.0, 0.0, 1.0]], [[-0.9199671763707218, -8.742055916071549e-08, 0.3919954049064213, 7.287084027672357], [-8.042404485909836e-08, 1.0000000000000153, 3.426845774054329e-08, 7.164182592412165e-06], [-0.39199540490641827, 2.773549643793604e-16, -0.9199671763707076, 260.26390663194786], [0.0, 0.0, 0.0, 1.0]], [[-0.9118874955852889, -8.74205591361383e-08, 0.41044024956436376, 2.042592787462027], [-7.97177146153261e-08, 1.0000000000000153, 3.5880916371045795e-08, 6.705706229857906e-06], [-0.4104402495643606, 2.8744535438642006e-16, -0.9118874955852748, 261.93246528146847], [0.0, 0.0, 0.0, 1.0]], [[-0.9034380503159257, -8.742055911176925e-08, 0.42871866335468356, -3.244489006737581], [-7.89790593536803e-08, 1.0000000000000155, 3.7478825521402064e-08, 6.2435065773974965e-06], [-0.42871866335468023, 2.980285786899797e-16, -0.9034380503159118, 263.80187102316637], [0.0, 0.0, 0.0, 1.0]], [[-0.894622266758061, -8.742055908761829e-08, 0.4468232344987623, -8.572017477441065], [-7.820837859409392e-08, 1.0000000000000153, 3.906153724978241e-08, 5.777771054001778e-06], [-0.4468232344987589, 3.091003584922487e-16, -0.8946222667580473, 265.7114735861713], [0.0, 0.0, 0.0, 1.0]], [[-0.8854437196549325, -8.742055906369516e-08, 0.46474662171005043, -13.937832346296858], [-7.74059848426324e-08, 1.0000000000000153, 4.062840977681352e-08, 5.308688512414437e-06], [-0.4647466217100468, 3.206561751069445e-16, -0.8854437196549189, 267.55213901763454], [0.0, 0.0, 0.0, 1.0]], [[-0.8759061308480487, -8.742055904000952e-08, 0.4824815571709121, -19.339757810066843], [-7.657220346477435e-08, 1.0000000000000153, 4.217880774581583e-08, 4.836449162573363e-06], [-0.48248155717090835, 3.3269138889578385e-16, -0.8759061308480351, 269.29047107873043], [0.0, 0.0, 0.0, 1.0]], [[-0.866013367768009, -8.742055901657105e-08, 0.5000208494796775, -24.775603422899806], [-7.570737255347795e-08, 1.000000000000015, 4.371210248043648e-08, 4.361244494481818e-06], [-0.5000208494796736, 3.4520106703009378e-16, -0.8660133677679955, 270.9202662246758], [0.0, 0.0, 0.0, 1.0]], [[-0.8557694418662835, -8.742055899338924e-08, 0.5173573865667106, -30.24316498454364], [-7.481184279208636e-08, 1.0000000000000153, 4.52276722395737e-08, 3.883267200560403e-06], [-0.5173573865667066, 3.581801685872174e-16, -0.8557694418662702, 272.4403109193815], [0.0, 0.0, 0.0, 1.0]], [[-0.8451785069885961, -8.742055897047346e-08, 0.5344841385783068, -35.740225434134004], [-7.388597731212808e-08, 1.0000000000000153, 4.672490246948861e-08, 3.402711097511581e-06], [-0.5344841385783026, 3.7162343847219197e-16, -0.845178506988583, 273.8499547637423], [0.0, 0.0, 0.0, 1.0]], [[-0.8342448576905676, -8.742055894783299e-08, 0.5513941607272527, -41.264555749197996], [-7.293015154606939e-08, 1.000000000000015, 4.8203186053002813e-08, 2.91977104772828e-06], [-0.5513941607272483, 3.8552540059403008e-16, -0.8342448576905547, 275.1486248576715], [0.0, 0.0, 0.0, 1.0]], [[-0.8229729274963002, -8.742055892547709e-08, 0.5680805961088936, -46.81391584950875], [-7.194475307507873e-08, 1.0000000000000153, 4.966192355568059e-08, 2.4346428802783605e-06], [-0.5680805961088892, 3.998804238269065e-16, -0.8229729274962876, 276.3357945679825], [0.0, 0.0, 0.0, 1.0]], [[-0.8113672871006122, -8.742055890341477e-08, 0.5845366784815638, -52.38605550542348], [-7.093018147186533e-08, 1.000000000000015, 5.110052346889568e-08, 1.947523311497272e-06], [-0.5845366784815592, 4.1468272178999533e-16, -0.8113672871005997, 277.4109825045756], [0.0, 0.0, 0.0, 1.0]], [[-0.7994326425156516, -8.742055888165494e-08, 0.6007557350102523, -57.978715250336435], [-6.988684813865495e-08, 1.000000000000015, 5.251840244968401e-08, 1.45860986522086e-06], [-0.6007557350102475, 4.2992622688904267e-16, -0.7994326425156393, 278.3737526856894], [0.0, 0.0, 0.0, 1.0]], [[-0.7871738331626379, -8.742055886020649e-08, 0.6167311889723961, -63.58962729687869], [-6.881517614036879e-08, 1.0000000000000153, 5.391498555728579e-08, 9.681007926906558e-07], [-0.6167311889723912, 4.456047886060191e-16, -0.7871738331626257, 279.22371471424015], [0.0, 0.0, 0.0, 1.0]], [[-0.7745958299095079, -8.742055883907809e-08, 0.6324565624246985, -69.21651645649116], [-6.771560003307365e-08, 1.0000000000000153, 5.528970648628012e-08, 4.761949921643238e-07], [-0.6324565624246936, 4.617120872320168e-16, -0.7745958299094959, 279.96052393612047], [0.0, 0.0, 0.0, 1.0]], [[-0.7617037330552616, -8.742055881827832e-08, 0.6479254788298916, -74.8571010619984], [-6.658856568777198e-08, 1.0000000000000153, 5.664200779621802e-08, -1.6908071736279102e-08], [-0.6479254788298866, 4.7824154759362e-16, -0.76170373305525, 280.5838815799543], [0.0, 0.0, 0.0, 1.0]], [[-0.7485027702618235, -8.742055879781555e-08, 0.6631316656423829, -80.50909389281045], [-6.543453010960436e-08, 1.000000000000015, 5.797134113766127e-08, -5.110084489067479e-07], [-0.6631316656423778, 4.951864777659726e-16, -0.748502770261812, 281.0935348782473], [0.0, 0.0, 0.0, 1.0]], [[-0.7349982944342597, -8.742055877769819e-08, 0.678068956851731, -86.17020310237564], [-6.425396125253663e-08, 1.0000000000000153, 5.927716747453431e-08, -1.005905784838598e-06], [-0.6780689568517257, 5.125399960212872e-16, -0.7349982944342484, 281.489277169882], [0.0, 0.0, 0.0, 1.0]], [[-0.7211957815502091, -8.74205587579343e-08, 0.6927312954829227, -91.83813314750957], [-6.304733782960785e-08, 1.0000000000000153, 6.055895730269993e-08, -1.5013994018616946e-06], [-0.6927312954829173, 5.302950901200297e-16, -0.721195781550198, 281.77094798391767], [0.0, 0.0, 0.0, 1.0]], [[-0.7071008284394105, -8.742055873853191e-08, 0.707112736052438, -97.51058571922323], [-6.181514911881482e-08, 1.0000000000000153, 6.181619086466983e-08, -1.997288380517831e-06], [-0.7071127360524325, 5.484445707168764e-16, -0.7071008284393995, 281.93843310466036], [0.0, 0.0, 0.0, 1.0]], [[-0.6927191505142231, -8.742055871949895e-08, 0.7212074469791048, -103.1852606746724], [-6.055789476471342e-08, 1.0000000000000153, 6.304835836036291e-08, -2.4933716410321725e-06], [-0.7212074469790992, 5.669810115257789e-16, -0.6927191505142123, 281.9916646179763], [0.0, 0.0, 0.0, 1.0]], [[-0.6780565794520655, -8.74205587008431e-08, 0.7350097129487674, -108.85985696985044], [-5.9276084575815996e-08, 1.0000000000000153, 6.425496015382584e-08, -2.9894480248498293e-06], [-0.7350097129487617, 5.858969475594902e-16, -0.678056579452055, 281.9306209388311], [0.0, 0.0, 0.0, 1.0]], [[-0.6631190608307075, -8.74205586825719e-08, 0.7485139372318094, -114.53207359264701], [-5.797023831786687e-08, 1.0000000000000153, 6.54355069758323e-08, -3.4853163762044174e-06], [-0.7485139372318036, 6.051846895515163e-16, -0.6631190608306973, 281.755326820042], [0.0, 0.0, 0.0, 1.0]], [[-0.6479126517173756, -8.742055866469278e-08, 0.7617146439525914, -120.19961049589352], [-5.6640885503081095e-08, 1.0000000000000153, 6.658952012227848e-08, -3.980775623685356e-06], [-0.7617146439525854, 6.248364295399834e-16, -0.6479126517173656, 281.46585334224073], [0.0, 0.0, 0.0, 1.0]], [[-0.6324435182126531, -8.7420558647213e-08, 0.7746064803098834, -125.86016953001754], [-5.528856517543063e-08, 1.0000000000000153, 6.771653164829434e-08, -4.475624861770998e-06], [-0.7746064803098773, 6.448442405668532e-16, -0.6324435182126433, 281.06231788505124], [0.0, 0.0, 0.0, 1.0]], [[-0.6167179329501653, -8.742055863013962e-08, 0.7871842187473905, -131.51145537492718], [-5.391382569206527e-08, 1.0000000000000153, 6.881608455799242e-08, -4.969663432294612e-06], [-0.7871842187473844, 6.65199917553045e-16, -0.6167179329501558, 280.54488407949236], [0.0, 0.0, 0.0, 1.0]], [[-0.6007422725530669, -8.742055861347958e-08, 0.7994427590734942, -137.1511764707492], [-5.2517224500957485e-08, 1.0000000000000153, 6.988773298977678e-08, -5.462691005809936e-06], [-0.7994427590734879, 6.858952681545206e-16, -0.6007422725530577, 279.91376174162696], [0.0, 0.0, 0.0, 1.0]], [[-0.5845230150483635, -8.742055859723966e-08, 0.8113771305293455, -142.77704594704085], [-5.10993279148611e-08, 1.0000000000000153, 7.09310423971366e-08, -5.954507662823378e-06], [-0.8113771305293391, 7.069218874525029e-16, -0.5845230150483544, 279.16920678748255], [0.0, 0.0, 0.0, 1.0]], [[-0.5680667372401125, -8.742055858142644e-08, 0.8229824938044776, -148.38678255010205], [-4.9660710881674726e-08, 1.0000000000000155, 7.194558972485249e-08, -6.444913974860245e-06], [-0.8229824938044713, 7.282712635109051e-16, -0.5680667372401036, 278.3115211292797], [0.0, 0.0, 0.0, 1.0]], [[-0.5513801120425718, -8.742055856604627e-08, 0.834254142999113, -153.97811156800827], [-4.820195675130444e-08, 1.000000000000015, 7.293096358054226e-08, -6.933711085331558e-06], [-0.8342541429991065, 7.499347108752858e-16, -0.5513801120425632, 277.34105255300733], [0.0, 0.0, 0.0, 1.0]], [[-0.5344699057743773, -8.742055855110544e-08, 0.845187507532377, -159.5487657529917], [-4.672365703911893e-08, 1.0000000000000153, 7.388676440147805e-08, -7.42070079016919e-06], [-0.8451875075323705, 7.719034628857102e-16, -0.5344699057743689, 276.2581945773992], [0.0, 0.0, 0.0, 1.0]], [[-0.5173429754148426, -8.742055853660998e-08, 0.8557781539956374, -165.09648624079566], [-4.522641118609398e-08, 1.0000000000000153, 7.481260461660642e-08, -7.905685618196324e-06], [-0.8557781539956307, 7.941685919314048e-16, -0.5173429754148346, 275.0633862943632], [0.0, 0.0, 0.0, 1.0]], [[-0.5000062658234995, -8.742055852256583e-08, 0.8660217879502241, -170.61902346662959], [-4.3710826315743036e-08, 1.0000000000000153, 7.570810880370592e-08, -8.388468911200716e-06], [-0.8660217879502174, 8.16721101754478e-16, -0.5000062658234917, 273.7571121909336], [0.0, 0.0, 0.0, 1.0]], [[-0.4824668069240028, -8.742055850897864e-08, 0.8759142556687959, -176.11413807735258], [-4.217751698793251e-08, 1.0000000000000155, 7.657291384161828e-08, -8.86885490367833e-06], [-0.875914255668789, 8.395518476957086e-16, -0.4824668069239953, 272.3399019528142], [0.0, 0.0, 0.0, 1.0]], [[-0.46473171085353937, -8.742055849585385e-08, 0.8854515458196487, -181.5796018395169], [-4.0627104949681664e-08, 1.000000000000015, 7.740666905749168e-08, -9.346648802214997e-06], [-0.8854515458196418, 8.626515363454494e-16, -0.46473171085353215, 270.8123302495937], [0.0, 0.0, 0.0, 1.0]], [[-0.4468081690789053, -8.742055848319694e-08, 0.8946297910932876, -187.01319854290236], [-3.906021888304822e-08, 1.0000000000000153, 7.82090363689765e-08, -9.821656864473914e-06], [-0.8946297910932807, 8.860107913648977e-16, -0.4468081690788984, 269.17501650172176], [0.0, 0.0, 0.0, 1.0]], [[-0.42870344948041117, -8.742055847101294e-08, 0.9034452697705928, -192.412724899175], [-3.7477494150202073e-08, 1.0000000000000153, 7.897969042131546e-08, -1.029368647775684e-05], [-0.9034452697705858, 9.096201928336455e-16, -0.42870344948040456, 267.42862462933783], [0.0, 0.0, 0.0, 1.0]], [[-0.41042489340480354, -8.742055845930675e-08, 0.9118944072319548, -197.7759914353063], [-3.587957253578974e-08, 1.0000000000000153, 7.971831871927268e-08, -1.0762546237107344e-05], [-0.9118944072319477, 9.33470144539869e-16, -0.41042489340479715, 265.5738627830552], [0.0, 0.0, 0.0, 1.0]], [[-0.3919799126883969, -8.742055844808322e-08, 0.9199737774067581, -203.1008233813904], [-3.426710198669499e-08, 1.0000000000000153, 8.042462175384877e-08, -1.1228046022924294e-05], [-0.9199737774067509, 9.575509530251054e-16, -0.3919799126883908, 263.61148305681115], [0.0, 0.0, 0.0, 1.0]], [[-0.37337598665162064, -8.742055843734684e-08, 0.9276801041626317, -208.38506155249934], [-3.264073634930052e-08, 1.0000000000000153, 8.109831312372962e-08, -1.1689997078054096e-05], [-0.9276801041626245, 9.818529066255306e-16, -0.3733759866516149, 261.54228118289757], [0.0, 0.0, 0.0, 1.0]], [[-0.35462065906620566, -8.742055842710199e-08, 0.9350102626338986, -213.6265632242182], [-3.1001135104357583e-08, 1.0000000000000153, 8.173911965142019e-08, -1.2148212084330464e-05], [-0.9350102626338913, 1.0063660898120891e-15, -0.35462065906620027, 259.3670962092966], [0.0, 0.0, 0.0, 1.0]], [[-0.3357215350962304, -8.742055841735277e-08, 0.9419612804886901, -218.82320300150653], [-2.93489630995706e-08, 1.0000000000000153, 8.234678149401651e-08, -1.2602505238530831e-05], [-0.9419612804886828, 1.0310806078090066e-15, -0.33572153509622515, 257.08681015945183], [0.0, 0.0, 0.0, 1.0]], [[-0.3166862782142783, -8.74205584081032e-08, 0.9485303391342055, -223.97287368053188], [-2.7684890280005962e-08, 1.000000000000015, 8.292105224857005e-08, -1.3052692327718246e-05], [-0.948530339134198, 1.0559864538672305e-15, -0.3166862782142734, 254.7023476746142], [0.0, 0.0, 0.0, 1.0]], [[-0.2975226070939487, -8.742055839935699e-08, 0.954714774859634, -229.0734871031275], [-2.600959141643341e-08, 1.000000000000015, 8.346169905200256e-08, -1.3498590803938592e-05], [-0.9547147748596266, 1.0810734427094229e-15, -0.29752260709394407, 252.21467563890522], [0.0, 0.0, 0.0, 1.0]], [[-0.27823829247998344, -8.742055839111776e-08, 0.9605120799162733, -234.1229750035271], [-2.4323745831710963e-08, 1.0000000000000153, 8.396850267553078e-08, -1.3940019858242609e-05], [-0.9605120799162659, 1.1063315013142372e-15, -0.2782382924799791, 249.62480278725207], [0.0, 0.0, 0.0, 1.0]], [[-0.25884115403728186, -8.742055838338873e-08, 0.9659199035344028, -239.11928984703286], [-2.2628037125323962e-08, 1.0000000000000153, 8.444125761356178e-08, -1.4376800494002662e-05], [-0.9659199035343953, 1.1317503244232997e-15, -0.25884115403727787, 246.93377929635204], [0.0, 0.0, 0.0, 1.0]], [[-0.2393390571800769, -8.742055837617313e-08, 0.9709360528765084, -244.0604056602779], [-2.0923152896189793e-08, 1.0000000000000153, 8.487977216702472e-08, -1.4808755599494829e-05], [-0.9709360528765009, 1.1573196256158003e-15, -0.23933905718007326, 244.14269635883278], [0.0, 0.0, 0.0, 1.0]], [[-0.21973990988255832, -8.742055836947385e-08, 0.9755584939264621, -248.94431885274525], [-1.9209784463840855e-08, 1.0000000000000153, 8.528386852110325e-08, -1.5235710019716536e-05], [-0.9755584939264546, 1.1830290442736794e-15, -0.2197399098825549, 241.2526857407805], [0.0, 0.0, 0.0, 1.0]], [[-0.2000516594722434, -8.74205583632936e-08, 0.9797853523143032, -253.7690490292108], [-1.7488626588099265e-08, 1.0000000000000153, 8.565338281733833e-08, -1.5657490627410694e-05], [-0.9797853523142955, 1.208868105484258e-15, -0.20005165947224035, 238.26491932281635], [0.0, 0.0, 0.0, 1.0]], [[-0.18028228940738564, -8.742055835763488e-08, 0.9836149140762828, -258.53263979278074], [-1.576037718735609e-08, 1.0000000000000153, 8.598816522007184e-08, -1.6073926393267775e-05], [-0.9836149140762752, 1.234826391699154e-15, -0.1802822894073829, 235.1806086249064], [0.0, 0.0, 0.0, 1.0]], [[-0.16043981603973279, -8.742055835250005e-08, 0.9870456263498656, -263.23315953819815], [-1.4025737055569727e-08, 1.0000000000000155, 8.628807997720393e-08, -1.6484848455277092e-05], [-0.9870456263498579, 1.2608933967540435e-15, -0.16043981603973026, 232.00100431509793], [0.0, 0.0, 0.0, 1.0]], [[-0.14053228536395007, -8.742055834789105e-08, 0.9900760980034042, -267.8687022350959], [-1.2285409578098905e-08, 1.000000000000015, 8.655300547523952e-08, -1.6890090187199166e-05], [-0.9900760980033966, 1.2870584725310233e-15, -0.1405322853639479, 228.7273957023817], [0.0, 0.0, 0.0, 1.0]], [[-0.12056776975502113, -8.742055834380992e-08, 0.9927051002002364, -272.4373882008801], [-1.0540100446484205e-08, 1.0000000000000153, 8.6782834288602e-08, -1.728948726613167e-05], [-0.9927051002002286, 1.3133110667870721e-15, -0.12056776975501923, 225.3611102138858], [0.0, 0.0, 0.0, 1.0]], [[-0.10055436469495008, -8.742055834025825e-08, 0.9949315668969683, -276.93736486292914], [-8.790517372294632e-09, 1.0000000000000155, 8.697747322319347e-08, -1.7682877739141302e-05], [-0.9949315668969605, 1.339640510994952e-15, -0.10055436469494852, 221.9035128566121], [0.0, 0.0, 0.0, 1.0]], [[-0.08050018549009916, -8.74205583372374e-08, 0.9967545952757484, -281.3668075097996], [-7.037369800155542e-09, 1.0000000000000153, 8.713684335418427e-08, -1.8070102088934564e-05], [-0.9967545952757407, 1.366036125820315e-15, -0.08050018549009795, 218.356005663935], [0.0, 0.0, 0.0, 1.0]], [[-0.0604133639804812, -8.742055833474871e-08, 0.9981734461103557, -285.7239200311355], [-5.281368620072867e-09, 1.0000000000000153, 8.726088005801665e-08, -1.845100329854112e-05], [-0.9981734461103481, 1.3924872471884897e-15, -0.060413363980480236, 214.7200271270857], [0.0, 0.0, 0.0, 1.0]], [[-0.04030204524235306, -8.742055833279309e-08, 0.9991875440659499, -290.00693564597907], [-3.5232258791722808e-09, 1.0000000000000153, 8.734953303860915e-08, -1.882542691498307e-05], [-0.9991875440659421, 1.4189830538270943e-15, -0.040302045242352445, 210.99705161185358], [0.0, 0.0, 0.0, 1.0]], [[-0.020174384285439464, -8.742055833137144e-08, 0.9997964779323664, -294.214117619189], [-1.7636544929684863e-09, 1.0000000000000153, 8.740276634775129e-08, -1.9193221111904665e-05], [-0.9997964779323586, 1.4455129242035912e-15, -0.020174384285439204, 207.18858876074034], [0.0, 0.0, 0.0, 1.0]], [[-3.8541955299059356e-05, -8.742055833042635e-08, 1.0000000000000075, -298.3437599718035], [-3.3678871241317395e-12, 1.000000000000015, 8.742055980260498e-08, -1.9554237039259805e-05], [-1.0000000000000075, 4.7006166680257064e-21, -3.8541955291416015e-05, 203.29618256567943], [0.0, 0.0, 0.0, 1.0]]]], ["setGripper", 27.0000009537], ["fingerGait", [[[-3.854195529905935e-05, -8.742055833042632e-08, 1.0000000000000075, -298.3437599718035], [-3.3678871241052697e-12, 1.0000000000000149, 8.7420559802605e-08, -1.9554237039259802e-05], [-1.0000000000000073, 4.733263388056538e-21, -3.8541955291416015e-05, 203.2961825656794], [0.0, 0.0, 0.0, 1.0]], [[0.041286464877228306, -8.742055822003756e-08, 0.999147351146686, -297.5523100034812], [3.6092874211955305e-09, 1.0000000000000149, 8.734602058797073e-08, -1.9391902060032496e-05], [-0.9991473511466854, 8.306436139093761e-17, 0.04128646487723593, 204.05330923793932], [0.0, 0.0, 0.0, 1.0]], [[0.08254093447823958, -8.742055811317552e-08, 0.9965876758323658, -296.7608600351589], [7.215776317969416e-09, 1.0000000000000149, 8.712225216147802e-08, -1.922956708080519e-05], [-0.996587675832365, 1.7061484942639778e-16, 0.08254093447824719, 204.81043591019923], [0.0, 0.0, 0.0, 1.0]], [[0.12365438427961052, -8.74205580100228e-08, 0.9923253472193121, -295.9694100668366], [1.080993717751639e-08, 1.0000000000000149, 8.674963682772362e-08, -1.9067232101577885e-05], [-0.9923253472193109, 2.6250661883205e-16, 0.12365438427961808, 205.56756258245915], [0.0, 0.0, 0.0, 1.0]], [[0.164556572643175, -8.742055791075563e-08, 0.9863676474243412, -295.1779600985143], [1.4385629436399745e-08, 1.0000000000000149, 8.622881119374428e-08, -1.890489712235058e-05], [-0.9863676474243397, 3.585826740639003e-16, 0.1645565726431825, 206.32468925471906], [0.0, 0.0, 0.0, 1.0]], [[0.20517761886738362, -8.742055781554358e-08, 0.9787247550774472, -294.386510130192], [1.7936744084476692e-08, 1.0000000000000149, 8.556066508138434e-08, -1.8742562143123274e-05], [-0.9787247550774453, 4.586788707959282e-16, 0.20517761886739103, 207.08181592697898], [0.0, 0.0, 0.0, 1.0]], [[0.24544812257730808, -8.742055772454934e-08, 0.9694097279317828, -293.5950601618697], [2.145721410203952e-08, 1.0000000000000149, 8.474634000705007e-08, -1.858022716389597e-05], [-0.9694097279317806, 5.626241963579097e-16, 0.24544812257731544, 207.8389425992389], [0.0, 0.0, 0.0, 1.0]], [[0.28529928229401574, -8.742055763792838e-08, 0.9584384805547084, -292.8036101935474], [2.494102482521685e-08, 1.0000000000000149, 8.378722723144806e-08, -1.8417892184668663e-05], [-0.9584384805547059, 6.702410619076906e-16, 0.285299282294023, 208.5960692714988], [0.0, 0.0, 0.0, 1.0]], [[0.32466301298074013, -8.742055755582866e-08, 0.9458297571380203, -292.0121602252251], [2.8382224221925773e-08, 1.0000000000000149, 8.268496538263968e-08, -1.8255557205441357e-05], [-0.9458297571380176, 7.813456058387399e-16, 0.3246630129807473, 209.35319594375872], [0.0, 0.0, 0.0, 1.0]], [[0.36347206236502244, -8.742055747839048e-08, 0.9316050994738146, -291.2207102569028], [3.177493306081867e-08, 1.0000000000000149, 8.144143765647256e-08, -1.8093222226214052e-05], [-0.9316050994738116, 8.957480079046146e-16, 0.3634720623650295, 210.11032261601864], [0.0, 0.0, 0.0, 1.0]], [[0.4016601258380888, -8.742055740574613e-08, 0.9157888101506971, -290.4292602885805], [3.511335495585118e-08, 1.0000000000000149, 8.005876859917218e-08, -1.7930887246986746e-05], [-0.9157888101506938, 1.0132528135236615e-15, 0.40166012583809574, 210.86744928827855], [0.0, 0.0, 0.0, 1.0]], [[0.4391619597351605, -8.742055733801971e-08, 0.898407911033219, -289.6378103202582], [3.839178626931034e-08, 1.0000000000000149, 7.853932047759026e-08, -1.776855226775944e-05], [-0.8984079110332154, 1.133659267709886e-15, 0.4391619597351673, 211.62457596053846], [0.0, 0.0, 0.0, 1.0]], [[0.47591349280315876, -8.742055727532694e-08, 0.8794920970954754, -288.8463603519359], [4.160462585638381e-08, 1.0000000000000149, 7.68856892433116e-08, -1.7606217288532135e-05], [-0.8794920970954714, 1.2567616580594716e-15, 0.4759134928031654, 212.38170263279838], [0.0, 0.0, 0.0, 1.0]], [[0.5118519356653641, -8.742055721777493e-08, 0.8590736856877409, -288.0549103836136], [4.474638463462166e-08, 1.0000000000000149, 7.510070009751442e-08, -1.744388230930483e-05], [-0.8590736856877366, 1.3823496662069666e-15, 0.5118519356653707, 213.1388293050583], [0.0, 0.0, 0.0, 1.0]], [[0.5469158880960118, -8.7420557165462e-08, 0.8371875613228199, -287.2634604152913], [4.781169496194149e-08, 1.0000000000000149, 7.318740266416153e-08, -1.7281547330077524e-05], [-0.8371875613228154, 1.5102087271506762e-15, 0.5469158880960181, 213.8959559773182], [0.0, 0.0, 0.0, 1.0]], [[0.5810454439215451, -8.742055711847754e-08, 0.8138711160764426, -286.472010446969], [5.079531980715477e-08, 1.0000000000000149, 7.114906577976914e-08, -1.7119212350850218e-05], [-0.8138711160764378, 1.6401203958333635e-15, 0.5810454439215512, 214.65308264957812], [0.0, 0.0, 0.0, 1.0]], [[0.6141822933693071, -8.74205570769018e-08, 0.7891641857035318, -285.6805604786467], [5.369216169734657e-08, 1.0000000000000149, 6.898917190865455e-08, -1.6956877371622913e-05], [-0.7891641857035268, 1.7718627203519594e-15, 0.614182293369313, 215.41020932183804], [0.0, 0.0, 0.0, 1.0]], [[0.6462698226888067, -8.742055704080583e-08, 0.7631089815794847, -284.88911051032443], [5.649727142682246e-08, 1.0000000000000149, 6.671141119320438e-08, -1.6794542392395607e-05], [-0.7631089815794796, 1.9052106211586587e-15, 0.6462698226888124, 216.16733599409795], [0.0, 0.0, 0.0, 1.0]], [[0.677253210875361, -8.742055701025129e-08, 0.735750018582748, -284.09766054200213], [5.920585651274322e-08, 1.0000000000000149, 6.431967514932829e-08, -1.66322074131683e-05], [-0.7357500185827428, 2.039936275605546e-15, 0.6772532108753664, 216.92446266635787], [0.0, 0.0, 0.0, 1.0]], [[0.7070795158074502, -8.742055829455724e-08, 0.7071340223624214, -283.30621057367944], [6.181329029134394e-08, 1.0000000000000149, 6.181804872269678e-08, -1.6469872433941016e-05], [-0.707134022362416, 3.3375640484011063e-21, 0.7070795158074556, 217.68158933861793], [0.0, 0.0, 0.0, 1.0]]]], ["closeGripper", 0], ["pivot", [[[0.7070795158074502, -8.742055829455725e-08, 0.7071340223624214, -283.30621057367944], [6.181329029134394e-08, 1.0000000000000149, 6.181804872269678e-08, -1.646987243394101e-05], [-0.707134022362416, 3.344621868606266e-21, 0.7070795158074558, 217.68158933861793], [0.0, 0.0, 0.0, 1.0]], [[0.6925619457201356, -8.642075506500255e-08, 0.7213583842981904, -278.8484257015579], [6.135076754425272e-08, 1.000000000000015, 6.090113814746214e-08, -1.6363859285458406e-05], [-0.7213583842981849, 2.0780752525801468e-09, 0.6925619457201416, 221.30147631628398], [0.0, 0.0, 0.0, 1.0]], [[0.6777582836069017, -8.537892432225034e-08, 0.7352847586202114, -274.3179923483093], [6.090697527463396e-08, 1.000000000000015, 5.997501681848819e-08, -1.6263357281488564e-05], [-0.7352847586202055, 4.1354016624277536e-09, 0.6777582836069077, 224.83001727948158], [0.0, 0.0, 0.0, 1.0]], [[0.6626746447469825, -8.429549643858677e-08, 0.7489073924501056, -269.7167820011907], [6.048209680966908e-08, 1.000000000000015, 5.904006730938998e-08, -1.6168407938638176e-05], [-0.7489073924500996, 6.171129363791649e-09, 0.6626746447469888, 228.2657546150125], [0.0, 0.0, 0.0, 1.0]], [[0.6473172600758581, -8.31709189697577e-08, 0.7622206583823613, -265.04669538489287], [6.007630766339204e-08, 1.0000000000000155, 5.809667584063613e-08, -1.607905047975225e-05], [-0.7622206583823552, 8.184417413178057e-09, 0.6473172600758648, 231.607269046145], [0.0, 0.0, 0.0, 1.0]], [[0.6316924736113027, -8.200565647008688e-08, 0.7752190568089711, -260.30966167636427], [5.968977546418556e-08, 1.0000000000000155, 5.71452321200039e-08, -1.5995321817711455e-05], [-0.7752190568089647, 1.017443413674123e-08, 0.6316924736113096, 234.85318021890615], [0.0, 0.0, 0.0, 1.0]], [[0.6158067398327194, -8.080019030057218e-08, 0.7878972181912781, -255.507637707884], [5.9322659885535434e-08, 1.0000000000000155, 5.6186129181594125e-08, -1.5917256540183635e-05], [-0.7878972181912717, 1.2140357473841531e-08, 0.6158067398327265, 238.0021472722955], [0.0, 0.0, 0.0, 1.0]], [[0.5996666210148451, -7.955501843003896e-08, 0.8002499052780921, -250.64260715870853], [5.897511258007038e-08, 1.0000000000000155, 5.5219763223471724e-08, -1.5844886895335956e-05], [-0.8002499052780855, 1.4081375316632515e-08, 0.5996666210148525, 241.0528693921847], [0.0, 0.0, 0.0, 1.0]], [[0.583278784516924, -7.827065522943301e-08, 0.8122720152691567, -245.71657973562958], [5.8647277116915655e-08, 1.0000000000000155, 5.424653344399925e-08, -1.5778242778513446e-05], [-0.8122720152691498, 1.5996685845536233e-08, 0.5832787845169318, 244.00408634867333], [0.0, 0.0, 0.0, 1.0]], [[0.5666500000284741, -7.694763125933795e-08, 0.8239585819230771, -240.73159034277953], [5.833928892238569e-08, 1.0000000000000158, 5.32668418769313e-08, -1.5717351719889404e-05], [-0.8239585819230701, 1.7885497860468905e-08, 0.566650000028482, 246.8545790166807], [0.0, 0.0, 0.0, 1.0]], [[0.5497871367727784, -7.558649305080459e-08, 0.8353047776088369, -235.68969824102788], [5.805127522404049e-08, 1.0000000000000158, 5.228109322533731e-08, -1.5662238873092957e-05], [-0.8353047776088297, 1.9747031107679578e-08, 0.5497871367727866, 249.6031698795568], [0.0, 0.0, 0.0, 1.0]], [[0.5326971606692635, -7.418780287958316e-08, 0.8463059153000547, -230.5929861973167], [5.778335499812906e-08, 1.000000000000016, 5.128969469442181e-08, -1.561292700481825e-05], [-0.8463059153000473, 2.1580516602066887e-08, 0.5326971606692718, 252.24872351550533], [0.0, 0.0, 0.0, 1.0]], [[0.5153871314559305, -7.275213853385158e-08, 0.8569574505111592, -225.44355962428537], [5.753563892044095e-08, 1.0000000000000158, 5.029305582331115e-08, -1.55694364854197e-05], [-0.8569574505111519, 2.338519694484101e-08, 0.5153871314559391, 254.7901470666181], [0.0, 0.0, 0.0, 1.0]], [[0.4978641997730317, -7.128009307553563e-08, 0.8672549831746816, -220.24354571054093], [5.730822932058724e-08, 1.0000000000000158, 4.9291588315876066e-08, -1.5531785280497185e-05], [-0.8672549831746741, 2.516032663639919e-08, 0.49786419977304064, 257.22639069032573], [0.0, 0.0, 0.0, 1.0]], [[0.48013560420919665, -6.977227459531945e-08, 0.8771942594588892, -214.99509254193285], [5.710122013972879e-08, 1.0000000000000162, 4.8285705870659834e-08, -1.5499988943474565e-05], [-0.8771942594588816, 2.6905172384286007e-08, 0.4801356042092059, 259.55644799308016], [0.0, 0.0, 0.0, 1.0]], [[0.46220866831122515, -6.822930596144811e-08, 0.8867711735250099, -209.70036821419484], [5.691469689176981e-08, 1.000000000000016, 4.7275824009982696e-08, -1.5474060609174707e-05], [-0.8867711735250021, 2.861901340611076e-08, 0.46220866831123436, 261.7793564460873], [0.0, 0.0, 0.0, 1.0]], [[0.4440907975587878, -6.66518245624254e-08, 0.895981769223325, -204.36155993732163], [5.6748736628032945e-08, 1.0000000000000162, 4.626235990829272e-08, -1.545401098839356e-05], [-0.895981769223317, 3.030114172729722e-08, 0.4440907975587973, 263.8941977829213