[["init", [[[1.0, -8.742277510129722e-08, 3.854195529915864e-05, -128.8491104864209], [8.742277657347586e-08, 1.0000000000000075, 3.3679725675222866e-12, -1.299772155314915e-05], [-3.8541955291515606e-05, 1.0480568466411303e-36, 1.0000000000000075, 88.62527685869095], [0.0, 0.0, 0.0, 1.0]]]], ["setGripper", 27.0000009537], ["fingerGait", [[[1.0, -8.742277510129722e-08, 3.8541955299158635e-05, -128.84911048642087], [8.742277657347587e-08, 1.0000000000000075, 3.3679725675090517e-12, -1.2997721553149149e-05], [-3.8541955291515606e-05, 6.724808156486927e-29, 1.0000000000000075, 88.62527685869095], [0.0, 0.0, 0.0, 1.0]], [[1.0, -8.742277510129722e-08, 3.8541955299158635e-05, -127.35552296312744], [8.742277657347587e-08, 1.0000000000000075, 3.3679725675090517e-12, -1.2434902430230674e-05], [-3.8541955291515606e-05, 6.724808156486927e-29, 1.0000000000000075, 93.56953219898834], [0.0, 0.0, 0.0, 1.0]], [[1.0, -8.742277510129722e-08, 3.8541955299158635e-05, -125.86193543983401], [8.742277657347587e-08, 1.0000000000000075, 3.3679725675090517e-12, -1.18720833073122e-05], [-3.8541955291515606e-05, 6.724808156486927e-29, 1.0000000000000075, 98.51378753928573], [0.0, 0.0, 0.0, 1.0]], [[1.0, -8.742277510129722e-08, 3.8541955299158635e-05, -124.36834791654059], [8.742277657347587e-08, 1.0000000000000075, 3.3679725675090517e-12, -1.1309264184393725e-05], [-3.8541955291515606e-05, 6.724808156486927e-29, 1.0000000000000075, 103.45804287958312], [0.0, 0.0, 0.0, 1.0]], [[1.0, -8.742277510129722e-08, 3.8541955299158635e-05, -122.87476039324716], [8.742277657347587e-08, 1.0000000000000075, 3.3679725675090517e-12, -1.074644506147525e-05], [-3.8541955291515606e-05, 6.724808156486927e-29, 1.0000000000000075, 108.4022982198805], [0.0, 0.0, 0.0, 1.0]], [[1.0, -8.742277510129722e-08, 3.8541955299158635e-05, -121.38117286995373], [8.742277657347587e-08, 1.0000000000000075, 3.3679725675090517e-12, -1.0183625938556775e-05], [-3.8541955291515606e-05, 6.724808156486927e-29, 1.0000000000000075, 113.3465535601779], [0.0, 0.0, 0.0, 1.0]], [[1.0, -8.742277510129722e-08, 3.8541955299158635e-05, -119.8875853466603], [8.742277657347587e-08, 1.0000000000000075, 3.3679725675090517e-12, -9.6208068156383e-06], [-3.8541955291515606e-05, 6.724808156486927e-29, 1.0000000000000075, 118.29080890047528], [0.0, 0.0, 0.0, 1.0]], [[1.0, -8.742277510129722e-08, 3.8541955299158635e-05, -118.39399782336687], [8.742277657347587e-08, 1.0000000000000075, 3.3679725675090517e-12, -9.057987692719826e-06], [-3.8541955291515606e-05, 6.724808156486927e-29, 1.0000000000000075, 123.23506424077267], [0.0, 0.0, 0.0, 1.0]], [[1.0, -8.742277510129722e-08, 3.8541955299158635e-05, -116.90041030007345], [8.742277657347587e-08, 1.0000000000000075, 3.3679725675090517e-12, -8.495168569801351e-06], [-3.8541955291515606e-05, 6.724808156486927e-29, 1.0000000000000075, 128.17931958107008], [0.0, 0.0, 0.0, 1.0]], [[1.0, -8.742277510129722e-08, 3.8541955299158635e-05, -115.40682277678002], [8.742277657347587e-08, 1.0000000000000075, 3.3679725675090517e-12, -7.932349446882876e-06], [-3.8541955291515606e-05, 6.724808156486927e-29, 1.0000000000000075, 133.12357492136746], [0.0, 0.0, 0.0, 1.0]], [[1.0, -8.742277510129722e-08, 3.8541955299158635e-05, -113.91323525348659], [8.742277657347587e-08, 1.0000000000000075, 3.3679725675090517e-12, -7.3695303239644015e-06], [-3.8541955291515606e-05, 6.724808156486927e-29, 1.0000000000000075, 138.06783026166485], [0.0, 0.0, 0.0, 1.0]], [[1.0, -8.742277510129722e-08, 3.8541955299158635e-05, -112.41964773019316], [8.742277657347587e-08, 1.0000000000000075, 3.3679725675090517e-12, -6.806711201045927e-06], [-3.8541955291515606e-05, 6.724808156486927e-29, 1.0000000000000075, 143.01208560196224], [0.0, 0.0, 0.0, 1.0]], [[1.0, -8.742277510129722e-08, 3.8541955299158635e-05, -110.92606020689973], [8.742277657347587e-08, 1.0000000000000075, 3.3679725675090517e-12, -6.243892078127452e-06], [-3.8541955291515606e-05, 6.724808156486927e-29, 1.0000000000000075, 147.95634094225963], [0.0, 0.0, 0.0, 1.0]], [[1.0, -8.742277510129722e-08, 3.8541955299158635e-05, -109.4324726836063], [8.742277657347587e-08, 1.0000000000000075, 3.3679725675090517e-12, -5.681072955208977e-06], [-3.8541955291515606e-05, 6.724808156486927e-29, 1.0000000000000075, 152.90059628255702], [0.0, 0.0, 0.0, 1.0]], [[1.0, -8.742277510129722e-08, 3.8541955299158635e-05, -107.93888516031288], [8.742277657347587e-08, 1.0000000000000075, 3.3679725675090517e-12, -5.118253832290503e-06], [-3.8541955291515606e-05, 6.724808156486927e-29, 1.0000000000000075, 157.8448516228544], [0.0, 0.0, 0.0, 1.0]], [[1.0, -8.742277510129722e-08, 3.8541955299158635e-05, -106.44529763701945], [8.742277657347587e-08, 1.0000000000000075, 3.3679725675090517e-12, -4.555434709372028e-06], [-3.8541955291515606e-05, 6.724808156486927e-29, 1.0000000000000075, 162.7891069631518], [0.0, 0.0, 0.0, 1.0]], [[1.0, -8.742277510129722e-08, 3.8541955299158635e-05, -104.95171011372602], [8.742277657347587e-08, 1.0000000000000075, 3.3679725675090517e-12, -3.992615586453553e-06], [-3.8541955291515606e-05, 6.724808156486927e-29, 1.0000000000000075, 167.73336230344918], [0.0, 0.0, 0.0, 1.0]], [[1.0, -8.742277510129722e-08, 3.8541955299158635e-05, -103.4581225904326], [8.742277657347587e-08, 1.0000000000000075, 3.3679725675090517e-12, -3.429796463535078e-06], [-3.8541955291515606e-05, 6.724808156486927e-29, 1.0000000000000075, 172.67761764374657], [0.0, 0.0, 0.0, 1.0]], [[1.0, -8.742277510129722e-08, 3.8541955299158635e-05, -101.96453506713917], [8.742277657347587e-08, 1.0000000000000075, 3.3679725675090517e-12, -2.866977340616603e-06], [-3.8541955291515606e-05, 6.724808156486927e-29, 1.0000000000000075, 177.62187298404396], [0.0, 0.0, 0.0, 1.0]], [[1.0, -8.742277510129722e-08, 3.8541955299158635e-05, -100.4709475438457], [8.742277657347587e-08, 1.0000000000000075, 3.3679725675090517e-12, -2.3041582176981244e-06], [-3.8541955291515606e-05, 6.724808156486927e-29, 1.0000000000000075, 182.56612832434143], [0.0, 0.0, 0.0, 1.0]]]], ["closeGripper", 0], ["pivot", [[[1.0, -8.742277510129722e-08, 3.854195529915863e-05, -100.4709475438457], [8.742277657347588e-08, 1.0000000000000075, 3.3679725674958164e-12, -2.3041582176981265e-06], [-3.8541955291515606e-05, 6.724808166476511e-29, 1.0000000000000075, 182.56612832434143], [0.0, 0.0, 0.0, 1.0]], [[0.9997964771571828, -8.742277510190927e-08, 0.020174383499117557, -96.75645844103316], [8.740498407172871e-08, 1.0000000000000078, 1.7636991486604343e-09, -1.979427273744871e-06], [-0.02017438349910992, 6.221722047381905e-19, 0.9997964771571904, 187.18556035490906], [0.0, 0.0, 0.0, 1.0]], [[0.9991875433059394, -8.742277510250863e-08, 0.040302044460841895, -92.95090887611155], [8.735174941397162e-08, 1.0000000000000075, 3.523315156162284e-09, -1.6467355712469717e-06], [-0.04030204446083426, 1.25652050801164e-18, 0.9991875433059473, 191.73839348049307], [0.0, 0.0, 0.0, 1.0]], [[0.9981734453650107, -8.742277510309513e-08, 0.06041336320406497, -89.05584197482911], [8.726309418651422e-08, 1.0000000000000075, 5.281502482156765e-09, -1.3062180145391636e-06], [-0.060413363204057345, 1.9028066818569406e-18, 0.9981734453650187, 196.22410400314516], [0.0, 0.0, 0.0, 1.0]], [[0.9967545945445558, -8.742277510366847e-08, 0.08050018471904354, -85.072837161635], [8.713905433847812e-08, 1.0000000000000073, 7.037548193048833e-09, -9.58012681289439e-07], [-0.08050018471903592, 2.5607924982434487e-18, 0.996754594544564, 200.64234789751927], [0.0, 0.0, 0.0, 1.0]], [[0.9949315661794111, -8.742277510422852e-08, 0.10055436392950211, -81.00350951923346], [8.697968016721991e-08, 1.0000000000000078, 8.790740223654392e-09, -6.022607665095233e-07], [-0.10055436392949452, 3.230173554691533e-18, 0.9949315661794194, 204.99296865052315], [0.0, 0.0, 0.0, 1.0]], [[0.9927050994957929, -8.742277510477488e-08, 0.12056776899540857, -76.84950913367761], [8.678503629793569e-08, 1.0000000000000078, 1.0540367665938388e-08, -2.391065253011213e-07], [-0.12056776899540099, 3.9106983882807886e-18, 0.9927050994958012, 209.27600268106687], [0.0, 0.0, 0.0, 1.0]], [[0.9900760973115496, -8.742277510530748e-08, 0.14053228461038292, -72.61252042527099], [8.655520165745629e-08, 1.0000000000000075, 1.2285721057283224e-08, 1.3130278563851224e-07], [-0.1405322846103754, 4.602089066311239e-18, 0.9900760973115579, 213.4916814873298], [0.0, 0.0, 0.0, 1.0]], [[0.9870456256700715, -8.742277510582604e-08, 0.16043981529240142, -68.29426146554523], [8.629026944224265e-08, 1.0000000000000075, 1.402609266817132e-08, 5.08816967728259e-07], [-0.1604398152923939, 5.304094125862542e-18, 0.9870456256700801, 217.64042955522768], [0.0, 0.0, 0.0, 1.0]], [[0.983614913408019, -8.742277510633035e-08, 0.18028228866646231, -63.896483280593614], [8.59903470805954e-08, 1.0000000000000075, 1.576077678916486e-08, 8.932829414076741e-07], [-0.18028228866645482, 6.016342990006189e-18, 0.9836149134080278, 221.72285696278846], [0.0, 0.0, 0.0, 1.0]], [[0.9797853516570375, -8.742277510682023e-08, 0.20005165873788164, -59.42096914104138], [8.565555618909342e-08, 1.0000000000000075, 1.7489070017066444e-08, 1.2845448082097606e-06], [-0.2000516587378742, 6.73863713538113e-18, 0.9797853516570464, 225.73974554183337], [0.0, 0.0, 0.0, 1.0]], [[0.975558493279661, -8.742277510729546e-08, 0.21973990915489217, -54.869533838940626], [8.528603252327898e-08, 1.0000000000000075, 1.92102715401445e-08, 1.6824439139767968e-06], [-0.2197399091548847, 7.470645689728356e-18, 0.97555849327967, 229.69202742349745], [0.0, 0.0, 0.0, 1.0]], [[0.9709360522396376, -8.742277510775584e-08, 0.23933905645922193, -50.24402295188419], [8.488192592260983e-08, 1.0000000000000078, 2.092368342230793e-08, 2.0868189131935644e-06], [-0.23933905645921455, 8.212077485458319e-18, 0.9709360522396469, 233.58075481196568], [0.0, 0.0, 0.0, 1.0]], [[0.9659199029069276, -8.742277510820121e-08, 0.25884115332333535, -45.54631209463568], [8.444340024970022e-08, 1.0000000000000075, 2.2628610886114646e-08, 2.4975058344119193e-06], [-0.2588411533233281, 8.962628120091732e-18, 0.9659199029069367, 237.40705991642722], [0.0, 0.0, 0.0, 1.0]], [[0.9605120792976591, -8.742277510863137e-08, 0.2782382917730231, -40.77830615857988], [8.397063332387574e-08, 1.0000000000000075, 2.4324362594499348e-08, 2.9143381467401335e-06], [-0.2782382917730158, 9.721966721369777e-18, 0.9605120792976685, 241.1721041396081], [0.0, 0.0, 0.0, 1.0]], [[0.954714774249348, -8.742277510904618e-08, 0.29752260639403405, -35.94193853930187], [8.346381684906866e-08, 1.0000000000000078, 2.6010250931106277e-08, 3.337146827370121e-06], [-0.2975226063940268, 1.0489841826372513e-17, 0.9547147742493575, 244.87701588581928], [0.0, 0.0, 0.0, 1.0]], [[0.9485303385317149, -8.74227751094454e-08, 0.31668627752145045, -31.039170352606988], [8.292315633608328e-08, 1.0000000000000075, 2.7685592279113178e-08, 3.7657604301150824e-06], [-0.31668627752144335, 1.1265909327951477e-17, 0.9485303385317244, 248.52281672274847], [0.0, 0.0, 0.0, 1.0]], [[0.941961279893465, -8.742277510982893e-08, 0.33572153441051156, -26.071989639301663], [8.234887101926258e-08, 1.0000000000000075, 2.9349707298433468e-08, 4.200005154929828e-06], [-0.33572153441050434, 1.2049851588737887e-17, 0.9419612798934747, 252.11033611485436], [0.0, 0.0, 0.0, 1.0]], [[0.9350102620454112, -8.742277511019664e-08, 0.35462065838759965, -21.042410559055426], [8.17411937675901e-08, 1.0000000000000075, 3.100192120118423e-08, 4.639704918385556e-06], [-0.35462065838759255, 1.2841377441142659e-17, 0.9350102620454208, 255.64011554105434], [0.0, 0.0, 0.0, 1.0]], [[0.9276801035803569, -8.742277511054831e-08, 0.3733759859801133, -15.95247257367221], [8.110037099026318e-08, 1.0000000000000075, 3.264156402530852e-08, 5.084681425070589e-06], [-0.37337598598010624, 1.3640129543127798e-17, 0.9276801035803667, 259.1123035056038], [0.0, 0.0, 0.0, 1.0]], [[0.9199737768301746, -8.742277511088379e-08, 0.3919799120239551, -10.804239620101768], [8.042666253677549e-08, 1.0000000000000075, 3.426797090624033e-08, 5.5347542398879434e-06], [-0.3919799120239481, 1.4445803492214616e-17, 0.9199737768301844, 262.52654372851987], [0.0, 0.0, 0.0, 1.0]], [[0.9118944066605451, -8.742277511120302e-08, 0.4104248927473772, -5.599799273526685], [7.972034159154979e-08, 1.000000000000008, 3.5880482346503215e-08, 5.989740861220663e-06], [-0.4104248927473703, 1.5258055181255124e-17, 0.9118944066605551, 265.88185962904856], [0.0, 0.0, 0.0, 1.0]], [[0.9034452692038439, -8.74227751115058e-08, 0.42870344882993144, -0.3412619008640334], [7.898169456316349e-08, 1.0000000000000075, 3.7478444483132005e-08, 6.449456794934994e-06], [-0.42870344882992456, 1.607658020777086e-17, 0.9034452692038539, 269.1765390492077], [0.0, 0.0, 0.0, 1.0]], [[0.8946297905306916, -8.742277511179208e-08, 0.44680816843528587, 4.969240194974738], [7.821102096821168e-08, 1.0000000000000075, 3.906120935281013e-08, 6.913715629191597e-06], [-0.4468081684352791, 1.6901047699503866e-17, 0.8946297905307018, 272.40802395004397], [0.0, 0.0, 0.0, 1.0]], [[0.885451545260703, -8.742277511206164e-08, 0.46473171021667636, 10.32955363971891], [7.740863330985517e-08, 1.0000000000000075, 4.062813515461452e-08, 7.382329110034329e-06], [-0.46473171021666965, 1.773108707952691e-17, 0.8854515452607132, 275.5728104875409], [0.0, 0.0, 0.0, 1.0]], [[0.8759142551130044, -8.74227751123145e-08, 0.4824668062937749, 15.73750486091759], [7.657485695110253e-08, 1.0000000000000078, 4.2178586510261777e-08, 7.855107217725999e-06], [-0.48246680629376826, 1.856640718025169e-17, 0.8759142551130145, 278.6663653690911], [0.0, 0.0, 0.0, 1.0]], [[0.866021787397097, -8.742277511255042e-08, 0.5000062651997685, 21.19090096930975], [7.571002998287735e-08, 1.0000000000000075, 4.371193472174984e-08, 8.331858243800152e-06], [-0.500006265199762, 1.9406650659641036e-17, 0.8660217873971073, 281.68306463510066], [0.0, 0.0, 0.0, 1.0]], [[0.8557781534446915, -8.742277511276939e-08, 0.517342974797453, 26.687530648026225], [7.48145030869247e-08, 1.0000000000000075, 4.522755802629111e-08, 8.812388868797616e-06], [-0.5173429747974466, 2.0251486645437523e-17, 0.855778153444702, 284.61616093864257], [0.0, 0.0, 0.0, 1.0]], [[0.845187506983137, -8.742277511297133e-08, 0.534469905163157, 32.22516504926449], [7.388863939361186e-08, 1.0000000000000075, 4.672484184843317e-08, 9.296504240656286e-06], [-0.5344699051631506, 2.1100518090934853e-17, 0.8451875069831475, 287.4577849558151], [0.0, 0.0, 0.0, 1.0]], [[0.8342541424511116, -8.742277511315614e-08, 0.5513801114373321, 37.80155869807225], [7.293281433468137e-08, 1.0000000000000075, 4.8203179049265136e-08, 9.784008053722368e-06], [-0.5513801114373259, 2.1953480298324897e-17, 0.8342541424511222, 290.198985716013], [0.0, 0.0, 0.0, 1.0]], [[0.8229824932572555, -8.742277511332372e-08, 0.5680667366406486, 43.41445040287291], [7.194741549101575e-08, 1.0000000000000075, 4.9661970172608574e-08, 1.0274702628351084e-05], [-0.5680667366406423, 2.280997622090166e-17, 0.822982493257266, 292.8298133853746], [0.0, 0.0, 0.0, 1.0]], [[0.8113771299824527, -8.742277511347402e-08, 0.5845230144544548, 49.06156417236392], [7.093284243547616e-08, 1.0000000000000075, 5.1100623688093195e-08, 1.0768388991064453e-05], [-0.5845230144544487, 2.366968822129812e-17, 0.8113771299824634, 295.3394463895171], [0.0, 0.0, 0.0, 1.0]], [[0.7994427585264898, -8.742277511360699e-08, 0.6007422719644768, 54.74061013841684], [6.988950657087802e-08, 1.0000000000000078, 5.25185562310184e-08, 1.1264866955233762e-05], [-0.6007422719644708, 2.453221925280861e-17, 0.7994427585265004, 297.7163627784348], [0.0, 0.0, 0.0, 1.0]], [[0.7871842181998439, -8.742277511372254e-08, 0.6167179323666417, 60.449285484603934], [6.881783096316995e-08, 1.0000000000000078, 5.391519283890418e-08, 1.1763935202253973e-05], [-0.6167179323666359, 2.539729138273583e-17, 0.7871842181998545, 299.9485535065754], [0.0, 0.0, 0.0, 1.0]], [[0.7746064797613734, -8.742277511382067e-08, 0.6324435176339295, 66.1852753799754], [6.771825016988308e-08, 1.0000000000000075, 5.528996718463438e-08, 1.226539136317709e-05], [-0.6324435176339237, 2.6264494329484657e-17, 0.7746064797613841, 302.02377294556993], [0.0, 0.0, 0.0, 1.0]], [[0.7617146434027079, -8.742277511390131e-08, 0.64791265114317, 71.94625391770828], [6.659121006392103e-08, 1.0000000000000075, 5.664232180609882e-08, 1.2769032100771442e-05], [-0.6479126511431643, 2.713349722079894e-17, 0.7617146434027185, 303.92981961197336], [0.0, 0.0, 0.0, 1.0]], [[0.7485139366801535, -8.742277511396445e-08, 0.6631190602607233, 77.72988505824651], [6.543716765276118e-08, 1.0000000000000078, 5.797170833224066e-08, 1.3274653191973663e-05], [-0.6631190602607178, 2.8003942714643115e-17, 0.7485139366801642, 305.6548379392884], [0.0, 0.0, 0.0, 1.0]], [[0.7350097123949514, -8.742277511401002e-08, 0.6780565788859928, 83.53382357655033], [6.425659089314103e-08, 1.0000000000000075, 5.9277587705417205e-08, 1.3782049610699806e-05], [-0.6780565788859872, 2.88754999387614e-17, 0.7350097123949622, 307.18763011717624], [0.0, 0.0, 0.0, 1.0]], [[0.7212074464227533, -8.742277511403806e-08, 0.6927191499517374, 89.35571601306934], [6.304995850130494e-08, 1.0000000000000078, 6.055943039998433e-08, 1.429101561098207e-05], [-0.692719149951732, 2.9747771846449204e-17, 0.7212074464227639, 308.51796571483123], [0.0, 0.0, 0.0, 1.0]], [[0.7071127354931873, -8.742277511404852e-08, 0.7071008278801743, 95.19320162805549], [6.18177597588877e-08, 1.0000000000000078, 6.181671663701573e-08, 1.4801344810397499e-05], [-0.7071008278801689, 3.062045403523073e-17, 0.7071127354931981, 309.6368761282235], [0.0, 0.0, 0.0, 1.0]], [[0.6927312949204225, -8.742277511404141e-08, 0.7211957809938718, 101.04391335882748], [6.056049431451397e-08, 1.0000000000000075, 6.304893659506985e-08, 1.5312830273754668e-05], [-0.7211957809938667, 3.149317592818138e-17, 0.6927312949204333, 310.53692093170906], [0.0, 0.0, 0.0, 1.0]], [[0.6780689562856436, -8.742277511401668e-08, 0.7349982938804581, 106.90547877959986], [5.927867198119391e-08, 1.0000000000000075, 6.425559061691915e-08, 1.5825264597004644e-05], [-0.7349982938804531, 3.236556033093185e-17, 0.6780689562856542, 311.21241401332423], [0.0, 0.0, 0.0, 1.0]], [[0.6631316650723843, -8.742277511397446e-08, 0.748502769710182, 112.77552106348583], [5.797281252959762e-08, 1.0000000000000078, 6.543618941215816e-08, 1.633843999134191e-05], [-0.7485027697101772, 3.3237276371227376e-17, 0.6631316650723951, 311.659598913796], [0.0, 0.0, 0.0, 1.0]], [[0.6479254782556708, -8.742277511391466e-08, 0.7617037325053924, 118.65165994628542], [5.6643445477291054e-08, 1.0000000000000078, 6.659025425560714e-08, 1.685214836746142e-05], [-0.7617037325053876, 3.410794685469906e-17, 0.6479254782556816, 311.8767649981369], [0.0, 0.0, 0.0, 1.0]], [[0.6324565618459599, -8.742277511383734e-08, 0.7745958293610121, 124.53151269166716], [5.529110987402049e-08, 1.0000000000000078, 6.771731718143248e-08, 1.736618141993746e-05], [-0.7745958293610073, 3.497728061376194e-17, 0.6324565618459705, 311.8642988380973], [0.0, 0.0, 0.0, 1.0]], [[0.6167311883888579, -8.742277511374255e-08, 0.7871738326151053, 130.41269505735247], [5.391635408313098e-08, 1.0000000000000078, 6.881692117290345e-08, 1.7880330711690148e-05], [-0.7871738326151008, 3.584484089704349e-17, 0.6167311883888684, 311.6246683015826], [0.0, 0.0, 0.0, 1.0]], [[0.600755734421647, -8.742277511363027e-08, 0.7994326419686617, 136.2928222619103], [5.251973555920877e-08, 1.0000000000000075, 6.988862034770983e-08, 1.8394387758505372e-05], [-0.7994326419686572, 3.6710329919514265e-17, 0.6007557344216575, 311.16234012839567], [0.0, 0.0, 0.0, 1.0]], [[0.5845366778876397, -8.742277511350062e-08, 0.8113672865537337, 142.1695099517704], [5.11018206220371e-08, 1.0000000000000075, 7.093198013876402e-08, 1.8908144113573657e-05], [-0.8113672865537294, 3.7573396956585885e-17, 0.5845366778876503, 310.48363500334636], [0.0, 0.0, 0.0, 1.0]], [[0.5680805955094148, -8.742277511335363e-08, 0.8229729269490922, 148.04037516806378], [4.966318422695705e-08, 1.0000000000000075, 7.194657747041546e-08, 1.9421391452014157e-05], [-0.8229729269490881, 3.8433658196445675e-17, 0.5680805955094252, 309.5965271052412], [0.0, 0.0, 0.0, 1.0]], [[0.5513941601219978, -8.742277511318935e-08, 0.8342448571425801, 153.90303731289663], [4.8204409731726915e-08, 1.0000000000000078, 7.293200093000487e-08, 1.993392165534896e-05], [-0.834244857142576, 3.929078938428531e-17, 0.5513941601220084, 308.5103976231809], [0.0, 0.0, 0.0, 1.0]], [[0.5344841379670711, -8.74227751130078e-08, 0.8451785064393702, 159.7551191146678], [4.672608865997443e-08, 1.0000000000000078, 7.38878509346896e-08, 2.0445526895893803e-05], [-0.8451785064393662, 4.014443979551709e-17, 0.5344841379670815, 307.2357536374085], [0.0, 0.0, 0.0, 1.0]], [[0.5173573859493057, -8.742277511280914e-08, 0.8557694413153516, 165.59424759203662], [4.5228820461337795e-08, 1.0000000000000075, 7.481373989347169e-08, 2.0955999721030858e-05], [-0.8557694413153478, 4.0994271940443355e-17, 0.517357385949316, 305.783924957708], [0.0, 0.0, 0.0, 1.0]], [[0.500020848855931, -8.742277511259336e-08, 0.8660133672148957, 171.41805501615192], [4.371321226839264e-08, 1.0000000000000075, 7.570929236436363e-08, 2.1465133137329414e-05], [-0.8660133672148922, 4.183992185958709e-17, 0.5000208488559413, 304.1667519513809], [0.0, 0.0, 0.0, 1.0]], [[0.48248155654066843, -8.742277511236066e-08, 0.8759061302922716, 177.22417987075056], [4.2179878650463744e-08, 1.0000000000000078, 7.657414520662772e-08, 2.197272069448039e-05], [-0.875906130292268, 4.268105868069602e-17, 0.4824815565406788, 302.39627708602484], [0.0, 0.0, 0.0, 1.0]], [[0.46474662107317144, -8.7422775112111e-08, 0.8854437190960012, 183.01026780973677], [4.0629441364421094e-08, 1.0000000000000075, 7.740794772802709e-08, 2.2478556569010616e-05], [-0.8854437190959977, 4.351731844429364e-17, 0.46474662107318165, 300.4844519241294], [0.0, 0.0, 0.0, 1.0]], [[0.4468232338551266, -8.742277511184458e-08, 0.8946222661954794, 188.77397261185496], [3.906252910256162e-08, 1.0000000000000075, 7.821036182702936e-08, 2.298243564774286e-05], [-0.8946222661954761, 4.434840998279756e-17, 0.44682323385513684, 298.4428697461831], [0.0, 0.0, 0.0, 1.0]], [[0.4287186627041877, -8.742277511156148e-08, 0.9034380497491907, 194.5129571320664], [3.74797772376784e-08, 1.0000000000000075, 7.898106212990448e-08, 2.3484153610967968e-05], [-0.9034380497491876, 4.5173956101841986e-17, 0.42871866270419773, 296.28253198856976], [0.0, 0.0, 0.0, 1.0]], [[0.41044024890692105, -8.742277511126185e-08, 0.9118874950138933, 200.2248942492474], [3.588182756542113e-08, 1.0000000000000075, 7.971973612266176e-08, 2.398350701529515e-05], [-0.9118874950138903, 4.599365239895524e-17, 0.41044024890693115, 294.013654422765], [0.0, 0.0, 0.0, 1.0]], [[0.3919954042419633, -8.742277511094576e-08, 0.919967175794152, 205.9074678098208], [3.426932804405214e-08, 1.0000000000000078, 8.042608427777216e-08, 2.4480293376146957e-05], [-0.9199671757941491, 4.6807134914661836e-17, 0.39199540424197327, 291.64551663811477], [0.0, 0.0, 0.0, 1.0]], [[0.3733916079745913, -8.742277511061334e-08, 0.9276738158316413, 211.5583735669423], [3.26429325317035e-08, 1.0000000000000078, 8.109982017562491e-08, 2.497431124986549e-05], [-0.9276738158316385, 4.7614066159266125e-17, 0.37339160797460114, 289.1863560774865], [0.0, 0.0, 0.0, 1.0]], [[0.35463640382392997, -8.74227751102647e-08, 0.9350042901336438, 217.17532011485682], [3.1003300521241913e-08, 1.0000000000000078, 8.174067062066872e-08, 2.5465360315396454e-05], [-0.9350042901336413, 4.841415496518704e-17, 0.35463640382393974, 286.6433057485283], [0.0, 0.0, 0.0, 1.0]], [[0.33573739690402127, -8.742277510990007e-08, 0.9419556262402178, 222.75602981804934], [2.9351096872848364e-08, 1.0000000000000075, 8.234837575219083e-08, 2.5953241455518127e-05], [-0.9419556262402153, 4.920708700378663e-17, 0.33573739690403104, 284.02237289981423], [0.0, 0.0, 0.0, 1.0]], [[0.3167022506400011, -8.742277510951954e-08, 0.9485250054295074, 228.29823973481095], [2.7686991544421876e-08, 1.0000000000000075, 8.292268914968882e-08, 2.643775683758201e-05], [-0.948525005429505, 4.9992488389423096e-17, 0.3167022506400108, 281.3284544841424], [0.0, 0.0, 0.0, 1.0]], [[0.29753868366062924, -8.742277510912326e-08, 0.9547097638607188, 233.79970253484737], [2.6011659319915634e-08, 1.0000000000000075, 8.346337793279255e-08, 2.6918709993732787e-05], [-0.9547097638607166, 5.077006464579372e-17, 0.29753868366063874, 278.5653841695996], [0.0, 0.0, 0.0, 1.0]], [[0.27825446666843556, -8.742277510871143e-08, 0.960507393654288, 239.25818741055656], [2.4325779535716802e-08, 1.0000000000000075, 8.397022285569575e-08, 2.7395905900574686e-05], [-0.9605073936542861, 5.153952791404097e-17, 0.27825446666844506, 275.7360050089653], [0.0, 0.0, 0.0, 1.0]], [[0.25885741928874917, -8.742277510828418e-08, 0.965915543908813, 244.6714809816075], [2.2630035805179583e-08, 1.000000000000008, 8.444301839605859e-08, 2.7869151058252275e-05], [-0.9659155439088111, 5.2300527469581004e-17, 0.2588574192887585, 272.842261617606], [0.0, 0.0, 0.0, 1.0]], [[0.2393554068988937, -8.742277510784169e-08, 0.9709320216543247, 250.0373881924502], [2.0925115741424943e-08, 1.0000000000000075, 8.488157283834582e-08, 2.8338253568913322e-05], [-0.970932021654323, 5.3052765527389484e-17, 0.23935540689890292, 269.8853057949077], [0.0, 0.0, 0.0, 1.0]], [[0.21975633743882358, -8.742277510738412e-08, 0.9755547927415267, 255.35373320239844], [1.92117106785173e-08, 1.0000000000000075, 8.528570835156603e-08, 2.8803023214522252e-05], [-0.9755547927415251, 5.379595091988725e-17, 0.21975633743883274, 266.86560989481484], [0.0, 0.0, 0.0, 1.0]], [[0.2000681582045102, -8.742277510691167e-08, 0.9797819826666259, 260.61836026791724], [1.7490515391133708e-08, 1.0000000000000078, 8.565526106138108e-08, 2.9263271533992178e-05], [-0.9797819826666244, 5.4529752774826003e-17, 0.2000681582045192, 263.78308283904175], [0.0, 0.0, 0.0, 1.0]], [[0.18029885262536097, -8.74227751064246e-08, 0.983611877331434, 265.829134616764], [1.5762227812836697e-08, 1.0000000000000075, 8.599008111655612e-08, 2.971881189960479e-05], [-0.9836118773314327, 5.525391632057408e-17, 0.1802988526253698, 260.63718440177763], [0.0, 0.0, 0.0, 1.0]], [[0.1604564370269917, -8.742277510592301e-08, 0.9870429237384221, 270.98394331362493], [1.402754875306697e-08, 1.0000000000000075, 8.629003274972318e-08, 3.0169459592686623e-05], [-0.987042923738421, 5.596813880902458e-17, 0.16045643702700046, 257.4270342103718], [0.0, 0.0, 0.0, 1.0]], [[0.1405489573806591, -8.742277510540715e-08, 0.9900737306204519, 276.08069611689587], [1.228718161296964e-08, 1.0000000000000075, 8.655499433243398e-08, 3.061503187851128e-05], [-0.9900737306204509, 5.667209598537498e-17, 0.14054895738066767, 254.15151274313067], [0.0, 0.0, 0.0, 1.0]], [[0.1205844860406701, -8.74227751048772e-08, 0.992703069004925, 281.1173263262624], [1.0541832100169625e-08, 1.0000000000000078, 8.678485842447948e-08, 3.1055348080397195e-05], [-0.9927030690049242, 5.736550660821483e-17, 0.12058448604067865, 250.80935241369517], [0.0, 0.0, 0.0, 1.0]], [[0.10057111847109519, -8.742277510433342e-08, 0.9949298727121235, 286.0917916207335], [8.792207942611798e-09, 1.0000000000000078, 8.69795318174564e-08, 3.149022965297089e-05], [-0.9949298727121229, 5.804812914080342e-17, 0.10057111847110356, 247.39921757374032], [0.0, 0.0, 0.0, 1.0]], [[0.08051696996310997, -8.742277510377601e-08, 0.9967532387875394, 291.00207488678893], [7.0390186015817765e-09, 1.0000000000000078, 8.713893557256228e-08, 3.191950025456592e-05], [-0.996753238787539, 5.871965669913192e-17, 0.08051696996311816, 243.9197729158763], [0.0, 0.0, 0.0, 1.0]], [[0.060430172344296436, -8.742277510320516e-08, 0.9981724278680155, 295.84618503630634], [5.282974984024036e-09, 1.0000000000000075, 8.726300505260486e-08, 3.234298581872832e-05], [-0.9981724278680151, 5.937981135051322e-17, 0.060430172344304554, 240.36974030155392], [0.0, 0.0, 0.0, 1.0]], [[0.040318870681240904, -8.742277510262114e-08, 0.9991868644815539, 300.6221578139341], [3.5247891542738668e-09, 1.0000000000000075, 8.735168994821204e-08, 3.276051462479936e-05], [-0.9991868644815537, 6.002835569411051e-17, 0.040318870681248835, 236.7479444689987], [0.0, 0.0, 0.0, 1.0]], [[0.02019121997676041, -8.742277510202421e-08, 0.9997961372806659, 305.32805659358473], [1.7651740453196089e-09, 1.0000000000000078, 8.74049542982319e-08, 3.317191736754727e-05], [-0.9997961372806657, 6.066499732157655e-17, 0.020191219976768152, 233.05334839600124], [0.0, 0.0, 0.0, 1.0]], [[5.538265395421641e-05, -8.742277657347584e-08, 1.0000000000000078, 309.9619731272438], [4.841766790242674e-12, 1.0000000000000078, 8.742277657347583e-08, 3.357702755868911e-05], [-1.0, 6.136991839186043e-17, 5.538265395421724e-05, 229.28507963523595], [0.0, 0.0, 0.0, 1.0]]]], ["setGripper", 27.0000009537], ["fingerGait", [[[5.538265395421641e-05, -8.742277657347586e-08, 1.0000000000000078, 310.36507201088693], [4.841766790220779e-12, 1.0000000000000078, 8.742277657347587e-08, 3.361226758292429e-05], [-0.9999999999999999, 6.136991664717599e-17, 5.538265395421724e-05, 229.2851174961411], [0.0, 0.0, 0.0, 1.0]], [[5.538265395421641e-05, -8.742277657347586e-08, 1.0000000000000078, 305.4206764038637], [4.841766790220779e-12, 1.0000000000000078, 8.742277657347587e-08, 3.2747769228533345e-05], [-0.9999999999999999, 6.136991664717599e-17, 5.538265395421724e-05, 230.77824062677755], [0.0, 0.0, 0.0, 1.0]], [[5.538265395421641e-05, -8.742277657347586e-08, 1.0000000000000078, 300.47628079684046], [4.841766790220779e-12, 1.0000000000000078, 8.742277657347587e-08, 3.18832708741424e-05], [-0.9999999999999999, 6.136991664717599e-17, 5.538265395421724e-05, 232.27136375741398], [0.0, 0.0, 0.0, 1.0]], [[5.538265395421641e-05, -8.742277657347586e-08, 1.0000000000000078, 295.5318851898172], [4.841766790220779e-12, 1.0000000000000078, 8.742277657347587e-08, 3.101877251975145e-05], [-0.9999999999999999, 6.136991664717599e-17, 5.538265395421724e-05, 233.7644868880504], [0.0, 0.0, 0.0, 1.0]], [[5.538265395421641e-05, -8.742277657347586e-08, 1.0000000000000078, 290.587489582794], [4.841766790220779e-12, 1.0000000000000078, 8.742277657347587e-08, 3.0154274165360502e-05], [-0.9999999999999999, 6.136991664717599e-17, 5.538265395421724e-05, 235.25761001868685], [0.0, 0.0, 0.0, 1.0]], [[5.538265395421641e-05, -8.742277657347586e-08, 1.0000000000000078, 285.64309397577074], [4.841766790220779e-12, 1.0000000000000078, 8.742277657347587e-08, 2.9289775810969554e-05], [-0.9999999999999999, 6.136991664717599e-17, 5.538265395421724e-05, 236.75073314932328], [0.0, 0.0, 0.0, 1.0]], [[5.538265395421641e-05, -8.742277657347586e-08, 1.0000000000000078, 280.6986983687475], [4.841766790220779e-12, 1.0000000000000078, 8.742277657347587e-08, 2.8425277456578606e-05], [-0.9999999999999999, 6.136991664717599e-17, 5.538265395421724e-05, 238.24385627995972], [0.0, 0.0, 0.0, 1.0]], [[5.538265395421641e-05, -8.742277657347586e-08, 1.0000000000000078, 275.75430276172426], [4.841766790220779e-12, 1.0000000000000078, 8.742277657347587e-08, 2.756077910218766e-05], [-0.9999999999999999, 6.136991664717599e-17, 5.538265395421724e-05, 239.73697941059615], [0.0, 0.0, 0.0, 1.0]], [[5.538265395421641e-05, -8.742277657347586e-08, 1.0000000000000078, 270.809907154701], [4.841766790220779e-12, 1.0000000000000078, 8.742277657347587e-08, 2.669628074779671e-05], [-0.9999999999999999, 6.136991664717599e-17, 5.538265395421724e-05, 241.23010254123258], [0.0, 0.0, 0.0, 1.0]], [[5.538265395421641e-05, -8.742277657347586e-08, 1.0000000000000078, 265.8655115476778], [4.841766790220779e-12, 1.0000000000000078, 8.742277657347587e-08, 2.5831782393405763e-05], [-0.9999999999999999, 6.136991664717599e-17, 5.538265395421724e-05, 242.72322567186902], [0.0, 0.0, 0.0, 1.0]], [[5.538265395421641e-05, -8.742277657347586e-08, 1.0000000000000078, 260.92111594065454], [4.841766790220779e-12, 1.0000000000000078, 8.742277657347587e-08, 2.4967284039014815e-05], [-0.9999999999999999, 6.136991664717599e-17, 5.538265395421724e-05, 244.21634880250545], [0.0, 0.0, 0.0, 1.0]], [[5.538265395421641e-05, -8.742277657347586e-08, 1.0000000000000078, 255.97672033363128], [4.841766790220779e-12, 1.0000000000000078, 8.742277657347587e-08, 2.4102785684623868e-05], [-0.9999999999999999, 6.136991664717599e-17, 5.538265395421724e-05, 245.70947193314188], [0.0, 0.0, 0.0, 1.0]], [[5.538265395421641e-05, -8.742277657347586e-08, 1.0000000000000078, 251.032324726608], [4.841766790220779e-12, 1.0000000000000078, 8.742277657347587e-08, 2.323828733023292e-05], [-0.9999999999999999, 6.136991664717599e-17, 5.538265395421724e-05, 247.20259506377832], [0.0, 0.0, 0.0, 1.0]], [[5.538265395421641e-05, -8.742277657347586e-08, 1.0000000000000078, 246.08792911958474], [4.841766790220779e-12, 1.0000000000000078, 8.742277657347587e-08, 2.2373788975841972e-05], [-0.9999999999999999, 6.136991664717599e-17, 5.538265395421724e-05, 248.69571819441475], [0.0, 0.0, 0.0, 1.0]], [[5.538265395421641e-05, -8.742277657347586e-08, 1.0000000000000078, 241.14353351256148], [4.841766790220779e-12, 1.0000000000000078, 8.742277657347587e-08, 2.1509290621451025e-05], [-0.9999999999999999, 6.136991664717599e-17, 5.538265395421724e-05, 250.1888413250512], [0.0, 0.0, 0.0, 1.0]], [[5.538265395421641e-05, -8.742277657347586e-08, 1.0000000000000078, 236.1991379055382], [4.841766790220779e-12, 1.0000000000000078, 8.742277657347587e-08, 2.0644792267060077e-05], [-0.9999999999999999, 6.136991664717599e-17, 5.538265395421724e-05, 251.68196445568762], [0.0, 0.0, 0.0, 1.0]], [[5.538265395421641e-05, -8.742277657347586e-08, 1.0000000000000078, 231.25474229851494], [4.841766790220779e-12, 1.0000000000000078, 8.742277657347587e-08, 1.978029391266913e-05], [-0.9999999999999999, 6.136991664717599e-17, 5.538265395421724e-05, 253.17508758632405], [0.0, 0.0, 0.0, 1.0]], [[5.538265395421641e-05, -8.742277657347586e-08, 1.0000000000000078, 226.31034669149167], [4.841766790220779e-12, 1.0000000000000078, 8.742277657347587e-08, 1.891579555827818e-05], [-0.9999999999999999, 6.136991664717599e-17, 5.538265395421724e-05, 254.6682107169605], [0.0, 0.0, 0.0, 1.0]], [[5.538265395421641e-05, -8.742277657347586e-08, 1.0000000000000078, 221.3659510844684], [4.841766790220779e-12, 1.0000000000000078, 8.742277657347587e-08, 1.8051297203887234e-05], [-0.9999999999999999, 6.136991664717599e-17, 5.538265395421724e-05, 256.1613338475969], [0.0, 0.0, 0.0, 1.0]], [[5.538265395421641e-05, -8.742277657347586e-08, 1.0000000000000078, 216.42155547744508], [4.841766790220779e-12, 1.0000000000000078, 8.742277657347587e-08, 1.7186798849496255e-05], [-0.9999999999999999, 6.136991664717599e-17, 5.538265395421724e-05, 257.65445697823327], [0.0, 0.0, 0.0, 1.0]]]], ["closeGripper", 0], ["pivot", [[[5.538265395421641e-05, -8.742277657347583e-08, 1.0000000000000078, 216.4215554774451], [4.84176679022078e-12, 1.0000000000000078, 8.742277657347588e-08, 1.7186798849496262e-05], [-0.9999999999999998, 6.136991664884226e-17, 5.5382653954217234e-05, 257.65445697823327], [0.0, 0.0, 0.0, 1.0]], [[-0.021974345362808276, -8.735615073511196e-08, 0.9997585364542431, 222.10814180856937], [-4.570501869295495e-09, 1.0000000000000078, 8.727679138021422e-08, 1.8379068364797027e-05], [-0.999758536454235, -2.6515479037992296e-09, -0.021974345362808508, 260.1727540026871], [0.0, 0.0, 0.0, 1.0]], [[-0.043993407752658434, -8.734795391060506e-08, 0.9990318228873205, 227.8488254630623], [-9.1415191323315e-09, 1.0000000000000082, 8.703004810077475e-08, 1.9582028335613827e-05], [-0.9990318228873125, -5.303920129939131e-09, -0.043993407752658906, 262.5651660039403], [0.0, 0.0, 0.0, 1.0]], [[-0.06599111718450489, -8.739819007842511e-08, 0.9978202120221836, 233.6408201012596], [-1.3705991400377882e-08, 1.0000000000000082, 8.668266649625718e-08, 2.0795094884610274e-05], [-0.9978202120221754, -7.955829242516915e-09, -0.06599111718450557, 264.8305317836316], [0.0, 0.0, 0.0, 1.0]], [[-0.087956796691282, -8.750683485558297e-08, 0.9961242919350287, 239.48131447882758], [-1.826170322822072e-08, 1.0000000000000078, 8.62348151743047e-08, 2.2017679229048256e-05], [-0.9961242919350206, -1.060598809177985e-08, -0.08795679669128294, 266.9677518074708], [0.0, 0.0, 0.0, 1.0]], [[-0.10987978485219996, -8.767383550946522e-08, 0.9939448857698742, 245.3674738112488], [-2.2806443422676635e-08, 1.0000000000000078, 8.568671150726859e-08, 2.3249187966563688e-05], [-0.993944885769866, -1.3253110377495645e-08, -0.10987978485220111, 268.97578873891734], [0.0, 0.0, 0.0, 1.0]], [[-0.131749440967448, -8.818485789241429e-08, 0.9912830513390304, 251.29644114973345], [-3.1711186896269475e-08, 1.0000000000000075, 8.4753116816074e-08, 2.5645709399380912e-05], [-0.9912830513390222, -1.1522746304852925e-08, -0.1317494409674505, 270.85366794266895], [0.0, 0.0, 0.0, 1.0]]]]]