[["init", [[[-0.999999582767506, 1.3439622487601227e-07, 0.0009016360272654626, 74.80610773671994], [-1.3439618840038747e-07, -1.0000000000000193, 1.0000000133515965e-10, 1.435661434013703e-05], [0.0009016360272654714, -2.1176476372928983e-11, 0.9999995827674866, 242.97214080150798], [0.0, 0.0, 0.0, 1.0]]]], ["closeGripper", 0], ["pivot", [[[-0.9999995827675061, 1.3439622487601227e-07, 0.0009016360272654627, 74.80610773671995], [-1.3439618840038747e-07, -1.0000000000000193, 1.0000000133515966e-10, 1.4356614340137026e-05], [0.0009016360272654714, -2.1176476372928996e-11, 0.9999995827674866, 242.97214080150798], [0.0, 0.0, 0.0, 1.0]], [[-0.9998137351943867, 1.344864407968547e-07, -0.019299569926838647, 69.86156316021177], [-1.3442997592021096e-07, -1.0000000000000193, -4.2229989480791945e-09, 1.3311549782923741e-05], [-0.019299569926838612, -1.6277716220614905e-09, 0.9998137351943671, 246.51181858145833], [0.0, 0.0, 0.0, 1.0]], [[-0.9992198403701664, 1.3460909318545662e-07, -0.03949289927735264, 64.84652243713916], [-1.3437642751213054e-07, -1.000000000000019, -8.545798281974475e-09, 1.2251035309482848e-05], [-0.03949289927735259, -3.2322164687588594e-09, 0.9992198403701468, 249.95088915370212], [0.0, 0.0, 0.0, 1.0]], [[-0.9982181406771431, 1.3476413198452413e-07, -0.059670110656667746, 59.763032322321685], [-1.3423556503049763e-07, -1.000000000000019, -1.2866633765350538e-08, 1.1175503740449231e-05], [-0.05967011065666767, -4.833856205187501e-09, 0.9982181406771236, 253.28794895351143], [0.0, 0.0, 0.0, 1.0]], [[-0.9968090449322713, 1.349514939191155e-07, -0.0798229692752943, 54.613167506368605], [-1.340074459645689e-07, -1.000000000000019, -1.718374196470033e-08, 1.0085394025283961e-05], [-0.07982296927529418, -6.432037164900661e-09, 0.996809044932252, 256.52163604912835], [0.0, 0.0, 0.0, 1.0]], [[-0.9949931282203145, 1.3517110252246534e-07, -0.09994325028267091, 49.399029768949184], [-1.336921634150435e-07, -1.000000000000019, -2.1495360967708154e-08, 8.981151063128756e-06], [-0.09994325028267079, -8.026107093058844e-09, 0.9949931282202951, 259.6506306976007], [0.0, 0.0, 0.0, 1.0]], [[-0.992771131659139, 1.3542286816719227e-07, -0.12002274212391754, 44.12274712100755], [-1.3328984605606654e-07, -1.000000000000019, -2.5799731102327066e-08, 7.863225521232308e-06], [-0.12002274212391742, -9.615415412630201e-09, 0.9927711316591195, 262.67365588340044], [0.0, 0.0, 0.0, 1.0]], [[-0.9901439620972474, 1.357066881018781e-07, -0.1400532498911619, 38.786472936271906], [-1.328006580827141e-07, -1.000000000000019, -3.009509565494199e-08, 6.732073651022503e-06], [-0.14005324989116172, -1.1199313489906142e-08, 0.9901439620972279, 265.5894778396033], [0.0, 0.0, 0.0, 1.0]], [[-0.9871126917436727, 1.3602244649300296e-07, -0.16002659866807223, 33.392385072412765], [-1.3222479914398162e-07, -1.0000000000000189, -3.437970158732543e-08, 5.588157101899604e-06], [-0.16002659866807203, -1.2777154899223867e-08, 0.9871126917436532, 268.3969065514174], [0.0, 0.0, 0.0, 1.0]], [[-0.983678557730384, 1.3637001447221972e-07, -0.1799346368662308, 27.942684982208323], [-1.3156250426130236e-07, -1.0000000000000189, -3.865180025209317e-08, 4.431942732826361e-06], [-0.17993463686623057, -1.4348295686787698e-08, 0.9836785577303647, 271.0947962418562], [0.0, 0.0, 0.0, 1.0]], [[-0.9798429616073852, 1.3674925018894807e-07, -0.19976923955198683, 22.439596815080534], [-1.308140437326296e-07, -1.0000000000000189, -4.2909648106367935e-08, 3.263902421792032e-06], [-0.1997692395519866, -1.591209463348163e-08, 0.9798429616073661, 273.68204583935704], [0.0, 0.0, 0.0, 1.0]], [[-0.9756074687707084, 1.3715999886826715e-07, -0.21952231176243106, 16.885366509367735], [-1.2997972302212173e-07, -1.0000000000000187, -4.715150742335985e-08, 2.0845128732279456e-06], [-0.2195223117624308, -1.7467913516565743e-08, 0.975607468770689, 276.1575994271534], [0.0, 0.0, 0.0, 1.0]], [[-0.9709738078235405, 1.3760209287408287e-07, -0.23918579180913843, 11.282260875705191], [-1.290598826354755e-07, -1.0000000000000187, -5.137564700157315e-08, 8.942554234533878e-07], [-0.23918579180913818, -1.90151173701498e-08, 0.9709738078235212, 278.5204466742199], [0.0, 0.0, 0.0, 1.0]], [[-0.9659438698707404, 1.3807535177754377e-07, -0.25875165456833077, 5.632566671886941], [-1.2805489798095755e-07, -1.0000000000000187, -5.5580342871349816e-08, -3.0638415576894705e-07], [-0.2587516545683304, -2.0553074744337557e-08, 0.9659438698707211, 280.7696232476113], [0.0, 0.0, 0.0, 1.0]], [[-0.960519707747033, 1.3857958243067857e-07, -0.278211914756116, -0.06141033041356536], [-1.2696517921619138e-07, -1.0000000000000184, -5.976387899846165e-08, -1.5169158554878116e-06], [-0.2782119147561158, -2.2081157962936173e-08, 0.9605197077470137, 282.9042112060293], [0.0, 0.0, 0.0, 1.0]], [[-0.9547035351792024, 1.3911457904522433e-07, -0.2975586301874698, -5.79734628668222], [-1.2579117108076285e-07, -1.0000000000000182, -6.39245479844639e-08, -2.736845629547324e-06], [-0.2975586301874695, -2.35987433796255e-08, 0.9547035351791832, 284.9233393744562], [0.0, 0.0, 0.0, 1.0]], [[-0.9484977258826162, 1.396801232766131e-07, -0.31678390501762416, -11.572900227979453], [-1.245333527147113e-07, -1.000000000000018, -6.806065176352416e-08, -3.965675596218806e-06], [-0.3167839050176238, -2.5105211632482602e-08, 0.948497725882597, 286.8261836997009], [0.0, 0.0, 0.0, 1.0]], [[-0.9419048125924583, 1.4027598431308386e-07, -0.3358798929645471, -17.38571501634414], [-1.2319223746298132e-07, -1.000000000000018, -7.217050229544267e-08, -5.202904241397883e-06], [-0.33587989296454673, -2.659994789675784e-08, 0.9419048125924391, 288.6119675867151], [0.0, 0.0, 0.0, 1.0]], [[-0.9349274860300598, 1.4090191896988191e-07, -0.3548388005111916, -23.233418306796306], [-1.217683726659152e-07, -1.000000000000018, -7.62524222545807e-08, -6.4480266232840005e-06], [-0.3548388005111913, -2.8082342135799078e-08, 0.9349274860300407, 290.27996221553883], [0.0, 0.0, 0.0, 1.0]], [[-0.9275685938047545, 1.4155767178850813e-07, -0.37365289008621244, -29.11362351554645], [-1.2026233943587017e-07, -1.0000000000000178, -8.030474571441622e-08, -7.700534578458973e-06], [-0.37365289008621205, -2.95517893500219e-08, 0.9275685938047354, 291.8294868387501], [0.0, 0.0, 0.0, 1.0]], [[-0.9198311392517015, 1.4224297514097794e-07, -0.39231448322184803, -35.02393079401594], [-1.1867475242005275e-07, -1.0000000000000178, -8.43258188274473e-08, -8.95991692928033e-06], [-0.39231448322184764, -3.1007689823824005e-08, 0.9198311392516824, 293.2599090592922], [0.0, 0.0, 0.0, 1.0]], [[-0.9117182802061551, 1.4295754933904596e-07, -0.41081596368768264, -40.96192800827095], [-1.1700625954966756e-07, -1.0000000000000175, -8.83140005001657e-08, -1.022565969250473e-05], [-0.4108159636876822, -3.2449449370343076e-08, 0.9117182802061359, 294.5706450885711], [0.0, 0.0, 0.0, 1.0]], [[-0.9032333277146786, 1.4285580041711948e-07, -0.4291497805990079, -46.92519172347089], [-1.1609947078347445e-07, -1.0000000000000178, -8.852593755609728e-08, -1.0438105241802993e-05], [-0.42914978059900627, -3.7617444405990966e-08, 0.9032333277146595, 295.7611599847121], [0.0, 0.0, 0.0, 1.0]]]]]