[["init", [[[-1.0, 8.74227783169445e-08, 3.854505847979561e-05, 127.79626692119338], [-8.742277657347586e-08, -1.0000000000000075, 3.3679725675222866e-12, 1.3770420758039384e-05], [3.8545058487438055e-05, 0.0, 1.0000000000000075, 67.8151309484424], [0.0, 0.0, 0.0, 1.0]]]], ["setGripper", 27.0000009537], ["fingerGait", [[[-1.0, 8.74227783169445e-08, 3.85450584797956e-05, 127.79626692119339], [-8.742277657347586e-08, -1.0000000000000075, 3.3679725675355215e-12, 1.3770420758039384e-05], [3.8545058487438055e-05, -6.725256029118859e-29, 1.0000000000000075, 67.8151309484424], [0.0, 0.0, 0.0, 1.0]], [[-0.9998947718139429, 8.102144555134499e-08, -0.014506784097993209, 127.6047354084329], [-8.103069035446641e-08, -1.0000000000000082, 4.9611561427658794e-11, 1.3341862029430756e-05], [-0.01450678409798557, 1.225102814644622e-09, 0.99989477181395, 71.53894097661062], [0.0, 0.0, 0.0, 1.0]], [[-0.9995779882188937, 7.460297045659656e-08, -0.02904904394284511, 127.41320389567241], [-7.463995297485342e-08, -1.0000000000000087, 1.8882523021976367e-10, 1.2913303300822127e-05], [-0.029049043942837482, 2.356966561074485e-09, 0.9995779882189003, 75.26275100477883], [0.0, 0.0, 0.0, 1.0]], [[-0.9990497162391879, 6.81687110387235e-08, -0.04358515765857884, 127.22167238291192], [-6.825191657197996e-08, -1.000000000000009, 4.209795244397673e-10, 1.2484744572213498e-05], [-0.043585157658571225, 3.3953517621920483e-09, 0.9990497162391943, 78.98656103294705], [0.0, 0.0, 0.0, 1.0]], [[-0.998310067645382, 6.172002864336046e-08, -0.058112049728081004, 127.03014087015143], [-6.186793271172273e-08, -1.0000000000000095, 7.460253254223387e-10, 1.205618584360487e-05], [-0.05811204972807343, 4.340038718872859e-09, 0.998310067645388, 82.71037106111527], [0.0, 0.0, 0.0, 1.0]], [[-0.9973591989306041, 5.5258287667722074e-08, -0.07262664658533269, 126.83860935739094], [-5.5489352102530864e-08, -1.00000000000001, 1.163893860733311e-09, 1.1627627114996241e-05], [-0.07262664658532515, 5.190827556448976e-09, 0.9973591989306098, 86.43418108928348], [0.0, 0.0, 0.0, 1.0]], [[-0.996197311277444, 4.8784855271927043e-08, -0.08712587726570736, 126.64707784463045], [-4.911752430964624e-08, -1.0000000000000104, 1.674496718720394e-09, 1.1199068386387613e-05], [-0.08712587726569987, 5.947538266997995e-09, 0.9961973112774495, 90.1579911174517], [0.0, 0.0, 0.0, 1.0]], [[-0.9948246505153878, 4.2301101089737514e-08, -0.10160667405571844, 126.45554633186995], [-4.275379746956557e-08, -1.0000000000000107, 2.2777258672191054e-09, 1.0770509657778984e-05], [-0.10160667405571101, 6.610010747428698e-09, 0.9948246505153931, 93.88180114561992], [0.0, 0.0, 0.0, 1.0]], [[-0.9932415070688052, 3.580839693877518e-08, -0.11606597314207895, 126.26401481910946], [-3.6399518004804834e-08, -1.0000000000000109, 2.973453676409964e-09, 1.0341950929170356e-05], [-0.11606597314207161, 7.178104833355297e-09, 0.9932415070688103, 97.60561117378813], [0.0, 0.0, 0.0, 1.0]], [[-0.9914482158955025, 2.930811653027531e-08, -0.13050071525993606, 126.07248330634897], [-3.00560303390263e-08, -1.000000000000011, 3.76153294582211e-09, 9.913392200561727e-06], [-0.1305007152599288, 7.65170032875309e-09, 0.9914482158955075, 101.32942120195635], [0.0, 0.0, 0.0, 1.0]], [[-0.989445156415853, 2.280163517844011e-08, -0.14490784634014317, 125.88095179358848], [-2.3724676612588536e-08, -1.0000000000000113, 4.64179693547764e-09, 9.484833471953099e-06], [-0.144907846340136, 8.030697031389248e-09, 0.9894451564158578, 105.05323123012457], [0.0, 0.0, 0.0, 1.0]], [[-0.9872327524325202, 1.629032950945294e-08, -0.15928431815543279, 125.68942028082799], [-1.7406796398579466e-08, -1.0000000000000115, 5.614059401170061e-09, 9.05627474334447e-06], [-0.15928431815542574, 8.315014754023384e-09, 0.987232752432525, 108.77704125829278], [0.0, 0.0, 0.0, 1.0]], [[-0.9848114720407904, 9.775577170214962e-09, -0.1736270889653533, 125.4978887680675], [-1.1103726419392595e-08, -1.0000000000000118, 6.678114633869407e-09, 8.627716014735842e-06], [-0.17362708896534637, 8.504593341373369e-09, 0.9848114720407951, 112.500851286461], [0.0, 0.0, 0.0, 1.0]], [[-0.9821818275295344, 3.258756536865807e-09, -0.18793312415983346, 125.306357255307], [-4.816800263906416e-09, -1.0000000000000118, 7.833737503245678e-09, 8.199157286127213e-06], [-0.18793312415982666, 8.599392682842856e-09, 0.9821818275295392, 116.22466131462922], [0.0, 0.0, 0.0, 1.0]], [[-0.9793443752728186, -3.258753576850037e-09, -0.20219939690123798, 125.11482574254651], [1.4526518946732273e-09, -1.0000000000000118, 9.080683505301391e-09, 7.770598557518584e-06], [-0.20219939690123132, 8.59939272100778e-09, 0.9793443752728234, 119.94847134279743], [0.0, 0.0, 0.0, 1.0]], [[-0.9762997156121884, -9.775574211309433e-09, -0.2164228887647789, 124.92329422978602], [7.703303580248095e-09, -1.0000000000000118, 1.0418688814103165e-08, 7.342039828909957e-06], [-0.21642288876477236, 8.504593455860068e-09, 0.9762997156121933, 123.67228137096565], [0.0, 0.0, 0.0, 1.0]], [[-0.9730484927296497, -1.629032655276766e-08, -0.23060059037714684, 124.73176271702553], [1.3933832294480279e-08, -1.0000000000000118, 1.18474703376014e-08, 6.913481100301329e-06], [-0.23060059037714042, 8.315014944807634e-09, 0.9730484927296548, 127.39609139913387], [0.0, 0.0, 0.0, 1.0]], [[-0.9695913945113742, -2.280163222508462e-08, -0.2447295020532272, 124.54023120426504], [2.0142919796603313e-08, -1.0000000000000118, 1.3366725777526232e-08, 6.484922371692701e-06], [-0.24472950205322094, 8.030697298430685e-09, 0.9695913945113794, 131.1199014273021], [0.0, 0.0, 0.0, 1.0]], [[-0.965929152402158, -2.9308113581358443e-08, -0.25880663443076657, 124.34869969150455], [2.6329252382332502e-08, -1.0000000000000115, 1.49761336933471e-08, 6.056363643084074e-06], [-0.25880663443076046, 7.651700671995212e-09, 0.9659291524021634, 134.84371145547033], [0.0, 0.0, 0.0, 1.0]], [[-0.9620625412506641, -3.580839399540483e-08, -0.272829009102855, 124.15716817874406], [3.249152116181541e-08, -1.0000000000000113, 1.6675353570282387e-08, 5.627804914475446e-06], [-0.2728290091028491, 7.178105252725484e-09, 0.9620625412506698, 138.56752148363856], [0.0, 0.0, 0.0, 1.0]], [[-0.9579923791454823, -4.23010981530204e-08, -0.28679365924809047, 123.96563666598357], [3.8628422336563707e-08, -1.000000000000011, 1.846402589134474e-08, 5.199246185866818e-06], [-0.28679365924808475, 6.61001124283822e-09, 0.9579923791454882, 142.2913315118068], [0.0, 0.0, 0.0, 1.0]], [[-0.9537195272420391, -4.878485234296848e-08, -0.30069763025829205, 123.77410515322308], [4.473865747530787e-08, -1.0000000000000109, 2.0341772213406835e-08, 4.7706874572581905e-06], [-0.30069763025828655, 5.947538838342034e-09, 0.9537195272420452, 146.01514153997502], [0.0, 0.0, 0.0, 1.0]], [[-0.949244889580397, -5.525828474762573e-08, -0.3145379803636289, 123.58257364046258], [5.08209337887162e-08, -1.0000000000000107, 2.2308195247271506e-08, 4.342128728649563e-06], [-0.3145379803636236, 5.190828203606648e-09, 0.9492448895804034, 149.73895156814325], [0.0, 0.0, 0.0, 1.0]], [[-0.9445694128939797, -6.172002573322814e-08, -0.3283117812550333, 123.3910421277021], [5.687396440292021e-08, -1.0000000000000104, 2.4362878941729257e-08, 3.913570000040935e-06], [-0.3283117812550282, 4.340039441707238e-09, 0.9445694128939864, 153.46276159631148], [0.0, 0.0, 0.0, 1.0]], [[-0.9396940864092641, -6.81687081396549e-08, -0.34201611870376525, 123.1995106149416], [6.28964686317884e-08, -1.00000000000001, 2.6505388571585416e-08, 3.4850112714323074e-06], [-0.3420161187037603, 3.3953525605501993e-09, 0.9396940864092714, 157.1865716244797], [0.0, 0.0, 0.0, 1.0]], [[-0.9346199416364829, -7.460296756968901e-08, -0.35564809317799834, 123.00797910218111], [6.888717224789082e-08, -1.0000000000000095, 2.873527082963827e-08, 3.0564525428236797e-06], [-0.3556480931779936, 2.3569674347874926e-09, 0.9346199416364908, 160.91038165264794], [0.0, 0.0, 0.0, 1.0]], [[-0.9293480521513791, -8.102144267769326e-08, -0.3692048204562959, 122.81644758942062], [7.48448077520972e-08, -1.000000000000009, 3.105205392258876e-08, 2.627893814215052e-06], [-0.3692048204562914, 1.225103763527628e-09, 0.9293480521513875, 164.63419168081617], [0.0, 0.0, 0.0, 1.0]], [[-0.9238795042037964, -8.742277657347588e-08, -0.3826834261417389, 122.62491607666017], [8.076811042201372e-08, -1.0, 3.3455247461233766e-08, 2.199335085606436e-06], [-0.38268342614173884, 6.1215052015475595e-24, 0.9238795042037963, 168.35800170898438], [0.0, 0.0, 0.0, 1.0]], [[-0.9238795042037964, -8.742277657347588e-08, -0.3826834261417389, 122.62491607666017], [8.076811042201372e-08, -1.0, 3.3455247461233766e-08, 2.199335085606436e-06], [-0.38268342614173884, 6.1215052015475595e-24, 0.9238795042037963, 168.35800170898438], [0.0, 0.0, 0.0, 1.0]], [[-0.9108637971093122, -8.742277659202903e-08, -0.41270702204716375, 121.30995241800946], [7.963024119449901e-08, -1.0, 3.6079993547461174e-08, 2.085260537872577e-06], [-0.4127070220471637, -4.168561860758381e-18, 0.9108637971093122, 169.68212466769748], [0.0, 0.0, 0.0, 1.0]], [[-0.896872714286217, -8.742277661043586e-08, -0.4422886809543133, 119.99498875935875], [7.840710191357234e-08, -1.0, 3.866610427508775e-08, 1.971185990138718e-06], [-0.4422886809543132, -8.941940080776174e-18, 0.896872714286217, 171.00624762641058], [0.0, 0.0, 0.0, 1.0]], [[-0.8819212377358219, -8.742277662867665e-08, -0.47139672608318844, 118.68002510070804], [7.710000234735835e-08, -1.0, 4.1210810372084855e-08, 1.8571114424048584e-06], [-0.4713967260831884, -1.431501708579963e-17, 0.8819212377358219, 172.3303705851237], [0.0, 0.0, 0.0, 1.0]], [[-0.8660253778730543, -8.742277664673187e-08, -0.499999987811266, 117.36506144205732], [7.571034217075445e-08, -1.0, 4.37113869035376e-08, 1.743036894670999e-06], [-0.499999987811266, -2.028203925062673e-17, 0.8660253778730543, 173.6544935438368], [0.0, 0.0, 0.0, 1.0]], [[-0.8492021563821056, -8.74227766645822e-08, -0.5280678370507095, 116.05009778340661], [7.423960946662392e-08, -1.0, 4.616515618957325e-08, 1.6289623469371397e-06], [-0.5280678370507095, -2.6836616938727692e-17, 0.8492021563821056, 174.9786165025499], [0.0, 0.0, 0.0, 1.0]], [[-0.8314695879891854, -8.742277668220851e-08, -0.5555702180467624, 114.7351341247559], [7.268937913231962e-08, -1.0, 4.856949067268782e-08, 1.5148877992032803e-06], [-0.5555702180467624, -3.3971731344427565e-17, 0.8314695879891855, 176.302739461263], [0.0, 0.0, 0.0, 1.0]], [[-0.8128466611719029, -8.742277669959192e-08, -0.5824776805622021, 113.42017046610519], [7.106131119324451e-08, -1.0, 5.092181573140031e-08, 1.4008132514694209e-06], [-0.5824776805622021, -4.16797420088188e-17, 0.812846661171903, 177.6268624199761], [0.0, 0.0, 0.0, 1.0]], [[-0.7933533178259299, -8.742277671671383e-08, -0.6087614114133895, 112.10520680745448], [6.935714902525494e-08, -1.0, 5.321961243722181e-08, 1.2867387037355615e-06], [-0.6087614114133895, -4.9952395001355704e-17, 0.79335331782593, 178.9509853786892], [0.0, 0.0, 0.0, 1.0]], [[-0.7730104319107207, -8.74227767335559e-08, -0.6343932653241474, 110.79024314880377], [6.757871748781018e-08, -1.0, 5.5460420251987044e-08, 1.1726641560017021e-06], [-0.6343932653241473, -5.878083175836965e-17, 0.7730104319107208, 180.27510833740232], [0.0, 0.0, 0.0, 1.0]], [[-0.751839787097154, -8.74227767501001e-08, -0.6593457950644254, 109.47527949015306], [6.572792096986734e-08, -1.0, 5.764183966266022e-08, 1.0585896082678427e-06], [-0.6593457950644253, -6.815559856904055e-17, 0.7518397870971543, 181.59923129611542], [0.0, 0.0, 0.0, 1.0]], [[-0.7298640534410339, -8.742277676632869e-08, -0.68359228084148, 108.16031583150234], [6.380674135061397e-08, -1.0, 5.976153475079353e-08, 9.445150605339835e-07], [-0.6835922808414799, -7.806665669866674e-17, 0.7298640534410341, 182.92335425482852], [0.0, 0.0, 0.0, 1.0]], [[-0.7071067631074265, -8.742277678222431e-08, -0.7071067589120975, 106.84535217285163], [6.181723587722234e-08, -1.0, 6.181723569388711e-08, 8.304405128001242e-07], [-0.7071067589120974, -8.850339313839315e-17, 0.7071067631074267, 184.24747721354163], [0.0, 0.0, 0.0, 1.0]], [[-0.6835922851718301, -8.742277679776994e-08, -0.7298640493852185, 105.53038851420092], [5.97615349618977e-08, -1.0, 6.38067411959716e-08, 7.163659650662649e-07], [-0.7298640493852184, -9.94546319698865e-17, 0.6835922851718303, 185.57160017225473], [0.0, 0.0, 0.0, 1.0]], [[-0.6593457995251596, -8.742277681294895e-08, -0.7518397831851954, 104.21542485555021], [5.7641839900579636e-08, -1.0, 6.572792084481105e-08, 6.022914173324056e-07], [-0.7518397831851954, -1.1090864633278814e-16, 0.6593457995251598, 186.89572313096784], [0.0, 0.0, 0.0, 1.0]], [[-0.6343932699104892, -8.742277682774505e-08, -0.7730104281468078, 102.9004611968995], [5.546042051573933e-08, -1.0, 6.75787173932015e-08, 4.882168695985463e-07], [-0.7730104281468078, -1.228531709821293e-16, 0.6343932699104893, 188.21984608968094], [0.0, 0.0, 0.0, 1.0]], [[-0.6087614161204276, -8.742277684214243e-08, -0.7933533142140932, 101.58549753824879], [5.321961272579692e-08, -1.0, 6.935714896192279e-08, 3.7414232186468706e-07], [-0.7933533142140932, -1.3527541542226207e-16, 0.6087614161204277, 189.54396904839405], [0.0, 0.0, 0.0, 1.0]], [[-0.5824776853848959, -8.742277685612564e-08, -0.81284665771601, 100.27053387959808], [5.0921816043761625e-08, -1.0, 7.106131116198434e-08, 2.600677741308278e-07], [-0.81284665771601, -1.4816207760324195e-16, 0.5824776853848961, 190.86809200710715], [0.0, 0.0, 0.0, 1.0]], [[-0.5555702229799477, -8.742277686967973e-08, -0.831469584692937, 98.95557022094737], [4.8569491007773225e-08, -1.0, 7.268937913389252e-08, 1.459932263969685e-07], [-0.8314695846929371, -1.6149935816499552e-16, 0.5555702229799481, 192.19221496582026], [0.0, 0.0, 0.0, 1.0]], [[-0.5280678420891038, -8.742277688279017e-08, -0.8492021532490315, 97.64060656229665], [4.6165156546296315e-08, -1.0, 7.423960950175581e-08, 3.191867866310921e-08], [-0.8492021532490316, -1.752729752140203e-16, 0.5280678420891041, 193.51633792453336], [0.0, 0.0, 0.0, 1.0]], [[-0.4999999929494741, -8.742277689544294e-08, -0.8660253749065094, 96.32564290364594], [4.3711387280788717e-08, -1.0, 7.571034224013534e-08, -8.215586907075008e-08], [-0.8660253749065095, -1.894681796167933e-16, 0.4999999929494743, 194.84046088324646], [0.0, 0.0, 0.0, 1.0]], [[-0.4713967313157082, -8.742277690762449e-08, -0.8819212349389828, 95.01067924499523], [4.1210810768732444e-08, -1.0, 7.710000245164156e-08, -1.9623041680460939e-07], [-0.8819212349389829, -2.0406977079351203e-16, 0.47139673131570836, 196.16458384195957], [0.0, 0.0, 0.0, 1.0]], [[-0.4422886862755415, -8.742277691932177e-08, -0.8968727116620787, 93.69571558634452], [3.8666104689979444e-08, -1.0, 7.84071020533738e-08, -3.1030496453846866e-07], [-0.8968727116620788, -2.190621129952555e-16, 0.4422886862755417, 197.48870680067267], [0.0, 0.0, 0.0, 1.0]], [[-0.4127070274514024, -8.742277693052224e-08, -0.9108637946606848, 92.38075192769381], [3.607999397942509e-08, -1.0, 7.963024137039664e-08, -4.2437951227232794e-07], [-0.9108637946606849, -2.344291520471349e-16, 0.4127070274514026, 198.81282975938578], [0.0, 0.0, 0.0, 1.0]], [[-0.38268343162320095, -8.742277694121391e-08, -0.9238795019333018, 91.0657882690431], [3.345524790907972e-08, -1.0, 8.076811063454678e-08, -5.384540600061873e-07], [-0.9238795019333019, -2.501544325395058e-16, 0.3826834316232011, 200.13695271809888], [0.0, 0.0, 0.0, 1.0]], [[-0.35225004880804117, -8.742277695138535e-08, -0.9359058959351457, 89.75082461039239], [3.079467712266297e-08, -1.0, 8.181949138696562e-08, -6.525286077400466e-07], [-0.9359058959351458, -2.662211154488318e-16, 0.3522500488080413, 201.461075676812], [0.0, 0.0, 0.0, 1.0]], [[-0.32143946783317867, -8.742277696102566e-08, -0.9469300985028188, 88.43586095174167], [2.8101130625896176e-08, -1.0, 8.27832577828554e-08, -7.666031554739058e-07], [-0.946930098502819, -2.826119961693324e-16, 0.3214394678331787, 202.7851986355251], [0.0, 0.0, 0.0, 1.0]], [[-0.29028468143908975, -8.74227769701245e-08, -0.9569403046445696, 87.12089729309096], [2.5377492735715815e-08, -1.0, 8.3658377797062e-08, -8.806777032077651e-07], [-0.9569403046445697, -2.993095229361048e-16, 0.2902846814390898, 204.1093215942382], [0.0, 0.0, 0.0, 1.0]], [[-0.25881905095001995, -8.742277697867215e-08, -0.9659257951813724, 85.80593363444025], [2.262667999167483e-08, -1.0, 8.444391432919323e-08, -9.947522509416245e-07], [-0.9659257951813724, -3.1629581561999265e-16, 0.25881905095002, 205.4334445529513], [0.0, 0.0, 0.0, 1.0]], [[-0.22707627054984383, -8.742277698665944e-08, -0.9738769482252929, 84.49096997578954], [1.985163803283913e-08, -1.0, 8.513902620708944e-08, -1.1088267986754839e-06], [-0.973876948225293, -3.335526848740755e-16, 0.22707627054984386, 206.7575675116644], [0.0, 0.0, 0.0, 1.0]], [[-0.19509033120149044, -8.742277699407784e-08, -0.9807852494828461, 83.17600631713883], [1.705533844352365e-08, -1.0, 8.574296908757164e-08, -1.2229013464093433e-06], [-0.9807852494828462, -3.510616516112761e-16, 0.19509033120149047, 208.0816904703775], [0.0, 0.0, 0.0, 1.0]], [[-0.16289548424857037, -8.742277700091937e-08, -0.9866433013723145, 81.86104265848812], [1.4240775571245542e-08, -1.0, 8.625509625350279e-08, -1.3369758941432027e-06], [-0.9866433013723146, -3.6880396679222904e-16, 0.16289548424857037, 209.4058134290906], [0.0, 0.0, 0.0, 1.0]], [[-0.1305262047381805, -8.742277700717674e-08, -0.9914448309452638, 80.5460789998374], [1.1410963320302007e-08, -1.0, 8.667485930630872e-08, -1.451050441877062e-06], [-0.9914448309452639, -3.8676063150222085e-16, 0.1305262047381805, 210.72993638780372], [0.0, 0.0, 0.0, 1.0]], [[-0.0980171545041617, -8.742277701284323e-08, -0.995184696603773, 79.2311153411867], [8.568931924406202e-09, -1.0, 8.700180875321699e-08, -1.5651249896109214e-06], [-0.9951846966037731, -4.0491241729570294e-16, 0.09801715450416171, 212.05405934651682], [0.0, 0.0, 0.0, 1.0]], [[-0.06540314505034045, -8.742277701791277e-08, -0.9978588936061855, 77.91615168253598], [5.717724701837225e-09, -1.0, 8.7235594488585e-08, -1.6791995373447808e-06], [-0.9978588936061856, -4.2323988678659174e-16, 0.06540314505034046, 213.37818230522993], [0.0, 0.0, 0.0, 1.0]], [[-0.032719100273500126, -8.742277702237996e-08, -0.9994645583554873, 76.60118802388527], [2.8603947965787927e-09, -1.0, 8.73759661688019e-08, -1.7932740850786402e-06], [-0.9994645583554874, -4.417234144623079e-16, 0.03271910027350014, 214.70230526394303], [0.0, 0.0, 0.0, 1.0]], [[-2.220446049250313e-16, -8.742277657347588e-08, -1.0, 75.28622436523438], [5.615246298962056e-24, -1.0, 8.742277657347588e-08, -1.9073486328124985e-06], [-1.0, 6.1215052015475595e-24, 2.2205070292352917e-16, 216.02642822265625], [0.0, 0.0, 0.0, 1.0]], [[-2.220446049250313e-16, -8.742277657347588e-08, -1.0, 75.28622436523438], [5.615246298962056e-24, -1.0, 8.742277657347588e-08, -1.9073486328124985e-06], [-1.0, 6.1215052015475595e-24, 2.2205070292352917e-16, 216.02642822265625], [0.0, 0.0, 0.0, 1.0]], [[-1.284835282600204e-05, -2.9140925235519187e-08, -0.9999999999174632, 72.7294745015689], [-3.741223165341355e-13, -1.0000000000000033, 2.9140925242731335e-08, -1.7557923707487151e-06], [-0.9999999999174598, 7.485352056903369e-13, 1.284835282600198e-05, 211.2739954917956], [0.0, 0.0, 0.0, 1.0]], [[-2.5696705649660983e-05, 2.9140926107244452e-08, -0.9999999996698429, 70.17272463790343], [-1.4970704222800648e-12, -1.0000000000000033, -2.914092607839586e-08, -1.6042361086849317e-06], [-0.9999999996698394, 7.482446219830471e-13, 2.5696705649660922e-05, 206.52156276093496], [0.0, 0.0, 0.0, 1.0]], [[-3.854505847957356e-05, 8.74227783169445e-08, -1.0, 67.61597477423797], [-3.3679725675161098e-12, -1.0000000000000075, -8.742277657347586e-08, -1.4526798466211484e-06], [-1.0000000000000075, -6.725256029118859e-29, 3.854505848721601e-05, 201.76913003007434], [0.0, 0.0, 0.0, 1.0]]]], ["closeGripper", 0], ["pivot", [[[-3.854505847957355e-05, 8.74227783169445e-08, -1.0, 67.61597477423797], [-3.3679725675293443e-12, -1.0000000000000075, -8.742277657347586e-08, -1.4526798466211443e-06], [-1.0000000000000075, -5.773921618366729e-28, 3.854505848721601e-05, 201.7691300300743], [0.0, 0.0, 0.0, 1.0]], [[0.020099719970830043, 8.742277846050003e-08, -0.9997979809655627, 63.517914961862516], [1.7571751813449131e-09, -1.0000000000000078, -8.740511561482675e-08, -1.8109436153007888e-06], [-0.9997979809655704, -1.0716746845336402e-16, -0.020099719970822404, 205.6677063292739], [0.0, 0.0, 0.0, 1.0]], [[0.04022983274407432, 8.742277860618462e-08, -0.9991904533386543, 59.342175684335594], [3.5170056445145016e-09, -1.0000000000000075, -8.735200396686915e-08, -2.175998339369773e-06], [-0.9991904533386621, -2.1142222882868161e-16, -0.04022983274406669, 209.48296423308676], [0.0, 0.0, 0.0, 1.0]], [[0.06034362867815511, 8.742277875393919e-08, -0.9981776635267263, 55.0904505819617], [5.2754096463718344e-09, -1.0000000000000075, -8.726346317118446e-08, -2.547695956089268e-06], [-0.9981776635267344, -3.127220221235184e-16, -0.06034362867814749, 213.21335630903957], [0.0, 0.0, 0.0, 1.0]], [[0.08043294980792967, 8.742277890370378e-08, -0.9967600223077352, 50.76446411417637], [7.031673994906811e-09, -1.0000000000000075, -8.713952913908089e-08, -2.925885708426112e-06], [-0.9967600223077434, -4.1102576724005477e-16, -0.08043294980792207, 216.85736954543506], [0.0, 0.0, 0.0, 1.0]], [[0.1004896480950041, 8.742277905541767e-08, -0.994938104663533, 46.365970860121465], [8.78508636593238e-09, -1.0000000000000073, -8.69802521370281e-08, -3.3104142061984096e-06], [-0.9949381046635414, -5.062935477507734e-16, -0.10048964809499651, 220.41352596501525], [0.0, 0.0, 0.0, 1.0]], [[0.12050558873250065, 8.742277920901934e-08, -0.9927126495466627, 41.896754807004996], [1.0534935591996577e-08, -1.0000000000000078, -8.678569676626976e-08, -3.7011254882891387e-06], [-0.992712649546671, -5.984867839520267e-16, -0.12050558873249308, 223.88038322441508], [0.0, 0.0, 0.0, 1.0]], [[0.14047265344445797, 8.742277936444644e-08, -0.9900845595806425, 37.35862862653214], [1.2280511950825301e-08, -1.0000000000000075, -8.655594193662165e-08, -4.097861085902534e-06], [-0.990084559580651, -6.875680608104692e-16, -0.14047265344445045, 227.256535199163], [0.0, 0.0, 0.0, 1.0]], [[0.16038274377852765, 8.742277952163598e-08, -0.9870549006938738, 32.753432939703345], [1.4021107453178942e-08, -1.0000000000000075, -8.62910808344668e-08, -4.500460086837492e-06], [-0.9870549006938825, -7.7350122060728625e-16, -0.16038274377852013, 230.5406125539921], [0.0, 0.0, 0.0, 1.0]], [[0.18022778439062892, 8.742277968052421e-08, -0.9836249016873082, 28.08303557027554], [1.575601613000608e-08, -1.000000000000008, -8.599122088495988e-08, -4.908759200752059e-06], [-0.9836249016873171, -8.562514555824228e-16, -0.18022778439062143, 233.73128329822902], [0.0, 0.0, 0.0, 1.0]], [[0.19999972632023247, 8.742277984104662e-08, -0.9797959537360593, 23.349330787190716], [1.7484534318777906e-08, -1.0000000000000075, -8.565648370845656e-08, -5.322592825392433e-06], [-0.9797959537360682, -9.357851226461255e-16, -0.199999726320225, 236.8272533260373], [0.0, 0.0, 0.0, 1.0]], [[0.2196905502549423, 8.742278000313816e-08, -0.9755696098251537, 18.5542385362782], [1.9205960948886985e-08, -1.0000000000000075, -8.52870050711855e-08, -5.741793113759683e-06], [-0.9755696098251626, -1.0120700742511883e-15, -0.21969055025493486, 239.82726694129406], [0.0, 0.0, 0.0, 1.0]], [[0.23929226978305285, 8.742278016673307e-08, -0.9709475841196561, 13.699703661542927], [2.0919597825994974e-08, -1.0000000000000078, -8.488293483018281e-08, -6.166190042186896e-06], [-0.9709475841196652, -1.0850752878160375e-15, -0.23929226978304546, 242.73010736688883], [0.0, 0.0, 0.0, 1.0]], [[0.25879693463276193, 8.7422780331765e-08, -0.9659317512694198, 8.787695116355188], [2.262474991521358e-08, -1.0000000000000075, -8.444443687251152e-08, -6.595611479299158e-06], [-0.965931751269429, -1.1547711701271977e-15, -0.2587969346327546, 245.53459723823613], [0.0, 0.0, 0.0, 1.0]], [[0.27819663389672594, 8.742278049816705e-08, -0.960524145648746, 3.820205164861555], [2.4320725623004027e-08, -1.0000000000000075, -8.397168904879044e-08, -7.0298832558284145e-06], [-0.9605241456487552, -1.2211294911648421e-15, -0.2781966338967186, 248.23959908080434], [0.0, 0.0, 0.0, 1.0]], [[0.2974834992406487, 8.742278066587164e-08, -0.9547269605312616, -1.2007514260583676], [2.6006837077681074e-08, -1.0000000000000075, -8.346488310105967e-08, -7.468829235254898e-06], [-0.954726960531271, -1.284123304693454e-15, -0.29748349924064144, 250.84401577146372], [0.0, 0.0, 0.0, 1.0]], [[0.31664970809460335, 8.742278083481083e-08, -0.948542547200348, -6.273138203962397], [2.768240040840702e-08, -1.0000000000000075, -8.292422458501192e-08, -7.912271385246395e-06], [-0.9485425472003576, -1.343727054140945e-15, -0.3166497080945962, 253.34679098346987], [0.0, 0.0, 0.0, 1.0]], [[0.33568748682579264, 8.74227810049161e-08, -0.9419734139954828, -11.39489785681144], [2.9346736022563393e-08, -1.0000000000000075, -8.234993278662102e-08, -8.360029849866492e-06], [-0.9419734139954926, -1.3999165725986556e-15, -0.3356874868257855, 255.74690961489932], [0.0, 0.0, 0.0, 1.0]], [[0.3545891138914612, 8.742278117611843e-08, -0.9350222252948809, -16.563953047396126], [3.099916888138726e-08, -1.0000000000000078, -8.174224063320151e-08, -8.811923022522456e-06], [-0.9350222252948907, -1.452669069586464e-15, -0.35458911389145414, 258.04339820036563], [0.0, 0.0, 0.0, 1.0]], [[0.373346922970679, 8.742278134834835e-08, -0.9276918004348471, -21.77820725588482], [3.263902877376039e-08, -1.0000000000000075, -8.110139459893563e-08, -9.267767619623116e-06], [-0.9276918004348569, -1.501963170757457e-15, -0.37334692297067196, 260.2353253058472], [0.0, 0.0, 0.0, 1.0]], [[0.3919533060737302, 8.742278152153612e-08, -0.9199851125662826, -27.03554563015223], [3.426565058804085e-08, -1.0000000000000078, -8.04276546049058e-08, -9.727378754916972e-06], [-0.9199851125662923, -1.5477788649583695e-15, -0.3919533060737232, 262.3218019064691], [0.0, 0.0, 0.0, 1.0]], [[0.4104007166278401, 8.742278169561132e-08, -0.9119052874487996, -32.333835843543575], [3.58783745818257e-08, -1.0000000000000078, -7.972129391367286e-08, -1.0190570014480311e-05], [-0.9119052874488097, -1.5900975439342546e-15, -0.41040071662783323, 264.301981747082], [0.0, 0.0, 0.0, 1.0]], [[0.4286816725379946, 8.742278187050345e-08, -0.9034556021829465, -37.67092895972572], [3.7476546649536396e-08, -1.0000000000000075, -7.898259901844361e-08, -1.0657153532324918e-05], [-0.9034556021829565, -1.628902068502932e-15, -0.4286816725379877, 266.17506168549573], [0.0, 0.0, 0.0, 1.0]], [[0.4467887592216067, 8.742278204614163e-08, -0.8946394838810438, -43.04466030427592], [3.9059518587717806e-08, -1.0000000000000078, -7.821186952687175e-08, -1.1126940066594736e-05], [-0.894639483881054, -1.66417671561543e-15, -0.44678875922159994, 267.9402820182265], [0.0, 0.0, 0.0, 1.0]], [[0.4647146326158011, 8.742278222245448e-08, -0.8854605082771811, -48.452850342652845], [4.062664835794334e-08, -1.0000000000000075, -7.74094180395398e-08, -1.1599739076320596e-05], [-0.8854605082771914, -1.6959071651210934e-15, -0.4647146326157944, 269.5969267886249], [0.0, 0.0, 0.0, 1.0]], [[0.4824520221560965, 8.742278239937067e-08, -0.8759223982769345, -53.89330556419524], [4.217730034721974e-08, -1.0000000000000078, -7.657557002317142e-08, -1.2075358798701801e-05], [-0.8759223982769446, -1.724080565942035e-15, -0.48245202215608984, 271.1443240772612], [0.0, 0.0, 0.0, 1.0]], [[0.4999937337252777, 8.742278257681826e-08, -0.8660290224473884, -59.363819371789305], [4.371084562578569e-08, -1.0000000000000075, -7.571066367862507e-08, -1.2553606326883326e-05], [-0.8660290224473989, -1.7486854169591253e-15, -0.49999373372527106, 272.58184627444996], [0.0, 0.0, 0.0, 1.0]], [[0.5173326525712613, 8.74227827547254e-08, -0.8557843934480845, -64.86217297684318], [4.522666220219961e-08, -1.0000000000000075, -7.481504980372295e-08, -1.3034287688196993e-05], [-0.855784393448095, -1.7697118184749e-15, -0.5173326525712549, 273.90891033480204], [0.0, 0.0, 0.0, 1.0]], [[0.5344617461927722, 8.742278293301991e-08, -0.8451926664035226, -70.38613629920704], [4.672413527561375e-08, -1.0000000000000075, -7.388909165097086e-08, -1.3517207922834951e-05], [-0.845192666403533, -1.787151220750653e-15, -0.5344617461927659, 275.12497801370245], [0.0, 0.0, 0.0, 1.0]], [[0.5513740671916589, 8.742278311162942e-08, -0.8342581372178828, -75.9334688716721], [4.8202657485131296e-08, -1.0000000000000075, -7.293316478022616e-08, -1.4002171162923547e-05], [-0.8342581372178932, -1.800996556355335e-15, -0.5513740671916527, 276.22955608561756], [0.0, 0.0, 0.0, 1.0]], [[0.5680627560906925, 8.742278329048158e-08, -0.8229852408326471, -81.50192074868308], [4.9661629156146496e-08, -1.0000000000000075, -7.194765690637458e-08, -1.4488980711965441e-05], [-0.8229852408326577, -1.811242187225993e-15, -0.5680627560906863, 277.2221965441422], [0.0, 0.0, 0.0, 1.0]], [[0.5845210441157064, 8.742278346950374e-08, -0.8113785494278293, -87.08923341889486], [5.110045854356682e-08, -1.0000000000000075, -7.093296774207642e-08, -1.4977439124617896e-05], [-0.8113785494278398, -1.8178839708422214e-15, -0.5845210441157003, 278.10249678370735], [0.0, 0.0, 0.0, 1.0]], [[0.6007422559409461, 8.74227836486234e-08, -0.7994427705675415, -92.69314072120312], [5.251856207181915e-08, -1.0000000000000078, -6.988950883564713e-08, -1.546734828677469e-05], [-0.7994427705675522, -1.82091922052149e-15, -0.6007422559409401, 278.87009976287266], [0.0, 0.0, 0.0, 1.0]], [[0.6167198123965187, 8.742278382776787e-08, -0.7871827452906518, -98.31136976387796], [5.391536457154268e-08, -1.0000000000000078, -6.881770340413704e-08, -1.595850949591935e-05], [-0.7871827452906622, -1.8203466921842567e-15, -0.6167198123965127, 279.5246941491394], [0.0, 0.0, 0.0, 1.0]], [[0.6324472331368416, 8.742278400686443e-08, -0.7746034461473031, -103.9416418464273], [5.5290299512871905e-08, -1.0000000000000075, -6.771798616167862e-08, -1.6450723541716992e-05], [-0.7746034461473137, -1.816166624058635e-15, -0.6324472331368359, 280.06601444522386], [0.0, 0.0, 0.0, 1.0]], [[0.6479181392690093, 8.742278418584051e-08, -0.7617099751820958, -109.58167338381602], [5.664280923521602e-08, -1.0000000000000075, -6.659080314317046e-08, -1.6943790786812186e-05], [-0.7617099751821065, -1.808380696975724e-15, -0.6479181392690037, 280.49384109674054], [0.0, 0.0, 0.0, 1.0]], [[0.6631262559400123, 8.742278436462352e-08, -0.7485075618647454, -115.22917683266662], [5.7972345173440556e-08, -1.0000000000000075, -6.543661152336996e-08, -1.7437511247799892e-05], [-0.7485075618647563, -1.7969920873091714e-15, -0.6631262559400068, 280.80800058125124], [0.0, 0.0, 0.0, 1.0]], [[0.6780654148817578, 8.74227845431409e-08, -0.7350015609690599, -120.88186161906503], [5.9278368080360406e-08, -1.0000000000000075, -6.42558794314672e-08, -1.7931684676336956e-05], [-0.7350015609690705, -1.782005427270499e-15, -0.6780654148817522, 281.00836547864446], [0.0, 0.0, 0.0, 1.0]], [[0.6927295569128602, 8.742278472132029e-08, -0.7211974504010935, -126.53743506759571], [6.056034824545323e-08, -1.0000000000000078, -6.304908576121663e-08, -1.8426110640360815e-05], [-0.7211974504011042, -1.7634267652044368e-15, -0.6927295569128548, 281.09485452281524], [0.0, 0.0, 0.0, 1.0]], [[0.7071127343961889, 8.74227848990894e-08, -0.7071008289773604, -132.19360333122924], [6.181776570970511e-08, -1.0000000000000078, -6.181671997670181e-08, -1.8920588605382955e-05], [-0.7071008289773711, -1.7412636582331501e-15, -0.7071127343961836, 281.0674326346264], [0.0, 0.0, 0.0, 1.0]], [[0.7212091136511728, 8.742278507637614e-08, -0.6927174141540077, -137.84807232168475], [6.305011047650094e-08, -1.0000000000000075, -6.055928191381389e-08, -1.941491801582372e-05], [-0.6927174141540184, -1.7155250531422318e-15, -0.7212091136511677, 280.92611093613607], [0.0, 0.0, 0.0, 1.0]], [[0.7350129773198865, 8.742278525310856e-08, -0.6780530397078693, -143.4985486398905], [6.425688271847423e-08, -1.0000000000000075, -5.927728157752253e-08, -1.990889837635579e-05], [-0.67805303970788, -1.6862214451993796e-15, -0.7350129773198816, 280.6709467460868], [0.0, 0.0, 0.0, 1.0]], [[0.7485187266859556, 8.742278542921506e-08, -0.6631136533703414, -149.14274050616476], [6.543759298023242e-08, -1.0000000000000078, -5.797123893502294e-08, -2.0402329333223184e-05], [-0.6631136533703522, -1.6533646994833837e-15, -0.7485187266859508, 280.3020435566576], [0.0, 0.0, 0.0, 1.0]], [[0.7617208839453435, 8.742278560462414e-08, -0.6479053144150386, -154.77835868973995], [6.659176237687527e-08, -1.0000000000000078, -5.6641683704841996e-08, -2.0895010755502855e-05], [-0.6479053144150494, -1.6169681369109109e-15, -0.7617208839453387, 279.81955099148826], [0.0, 0.0, 0.0, 1.0]], [[0.7746140944280974, 8.742278577926468e-08, -0.6324341912002106, -160.40311743725312], [6.771892278822609e-08, -1.0000000000000078, -5.5289155141989515e-08, -2.1386742816275857e-05], [-0.6324341912002213, -1.5770465143841691e-15, -0.7746140944280926, 279.22366474499387], [0.0, 0.0, 0.0, 1.0]], [[0.7871931287701507, 8.742278595306587e-08, -0.6167065586669133, -166.01473539982567], [6.881861704869684e-08, -1.0000000000000075, -5.391420181924139e-08, -2.1877326073675325e-05], [-0.6167065586669239, -1.533616031408353e-15, -0.787193128770146, 278.51462650299254], [0.0, 0.0, 0.0, 1.0]], [[0.7994528850343043, 8.74227861259572e-08, -0.6007287957939536, -171.61093655835688], [6.989039913271016e-08, -1.0000000000000075, -5.2517381404643844e-08, -2.236656155177812e-05], [-0.6007287957939642, -1.486694310239309e-15, -0.7994528850342999, 277.6927238446804], [0.0, 0.0, 0.0, 1.0]], [[0.8113883907795241, 8.742278629786855e-08, -0.5845073830106349, -177.18945114665587], [7.09338343356031e-08, -1.0000000000000075, -5.109926043532842e-08, -2.285425082130764e-05], [-0.5845073830106453, -1.4363003892660898e-15, -0.8113883907795196, 276.7582901259917], [0.0, 0.0, 0.0, 1.0]], [[0.8229948050777148, 8.742278646873019e-08, -0.5680488995683567, -182.74801657203716], [7.19484994499392e-08, -1.0000000000000078, -4.966041408772987e-08, -2.3340196080114836e-05], [-0.5680488995683671, -1.382454683306286e-15, -0.8229948050777106, 275.7117043443933], [0.0, 0.0, 0.0, 1.0]], [[0.8342674204771559, 8.742278663847278e-08, -0.5513600208721329, -188.28437833300643], [7.293398293715758e-08, -1.0000000000000075, -4.8201425944300205e-08, -2.3824200233404897e-05], [-0.5513600208721434, -1.3251790166932497e-15, -0.8342674204771517, 274.5533909851663], [0.0, 0.0, 0.0, 1.0]], [[0.8452016649117994, 8.742278680702756e-08, -0.5344475157731107, -193.7962909336659], [7.38898850944888e-08, -1.0000000000000078, -4.6722887756813034e-08, -2.4306066973677012e-05], [-0.5344475157731211, -1.2644966629807641e-15, -0.8452016649117954, 273.28381984923953], [0.0, 0.0, 0.0, 1.0]], [[0.8557931035556551, 8.742278697432612e-08, -0.5173182438231874, -199.2815187944654], [7.481581821707075e-08, -1.0000000000000075, -4.522539920635463e-08, -2.4785600860344858e-05], [-0.5173182438231979, -1.2004322125941455e-15, -0.8557931035556512, 271.90350586264213], [0.0, 0.0, 0.0, 1.0]], [[0.8660374406215158, 8.742278714030059e-08, -0.4999791524928431, -204.7378371589325], [7.5711406755198e-08, -1.0000000000000075, -4.370956766009906e-08, -2.526260739900545e-05], [-0.4999791524928534, -1.133011672091917e-15, -0.8660374406215122, 270.41300886765487], [0.0, 0.0, 0.0, 1.0]], [[0.8759305211032865, 8.742278730488367e-08, -0.4824372743533111, -210.1630329960128], [7.657628746664115e-08, -1.0000000000000075, -4.217600792496582e-08, -2.573689312032419e-05], [-0.4824372743533214, -1.062262338434355e-15, -0.8759305211032828, 268.812933395743], [0.0, 0.0, 0.0, 1.0]], [[0.8854683324612168, 8.742278746800862e-08, -0.46469972422423406, -215.55490589765412], [7.741010956397454e-08, -1.0000000000000075, -4.062534199825984e-08, -2.6208265658504262e-05], [-0.46469972422424427, -9.882129578021674e-16, -0.8854683324612134, 267.10392842236456], [0.0, 0.0, 0.0, 1.0]], [[0.8946470062493479, 8.742278762960927e-08, -0.4467736962879605, -220.91126897127157], [7.821253485685223e-08, -1.0000000000000075, -3.905819881539539e-08, -2.6676533829308313e-05], [-0.4467736962879707, -9.108935204557005e-16, -0.8946470062493447, 265.2866871037515], [0.0, 0.0, 0.0, 1.0]], [[0.903462819684518, 8.742278778962003e-08, -0.4286664611716524, -226.22994972672996], [7.898323788917474e-08, -1.000000000000008, -3.7475213994805754e-08, -2.7141507707601e-05], [-0.4286664611716625, -8.303354460233976e-16, -0.9034628196845148, 263.3619464957724], [0.0, 0.0, 0.0, 1.0]], [[0.9119121971562882, 8.74227879479761e-08, -0.41038536299838796, -231.50879095748553], [7.972190607109122e-08, -1.0000000000000075, -3.587702958014245e-08, -2.7602998704380857e-05], [-0.4103853629983981, -7.465713254214465e-16, -0.9119121971562852, 261.3304872549895], [0.0, 0.0, 0.0, 1.0]], [[0.919991711677176, 8.742278810461316e-08, -0.39193781640845476, -236.74565161552852], [8.042823980578258e-08, -1.0000000000000078, -3.426429377986847e-08, -2.806081964327014e-05], [-0.39193781640846476, -6.596352054039114e-16, -0.9199917116771731, 259.19313332203194], [0.0, 0.0, 0.0, 1.0]], [[0.9276980862726089, 8.742278825946771e-08, -0.37333130355204197, -241.93840767977173], [8.110195261097542e-08, -1.0000000000000075, -3.263766070435095e-08, -2.851478483643182e-05], [-0.37333130355205185, -5.695623106300463e-16, -0.9276980862726061, 256.95075158741304], [0.0, 0.0, 0.0, 1.0]], [[0.9350281953100346, 8.742278841247691e-08, -0.35457337105455056, -247.0849530175338], [8.174277123513637e-08, -1.0000000000000078, -3.099779010056022e-08, -2.8964710159882874e-05], [-0.3545733710545603, -4.763891826306381e-16, -0.935028195310032, 254.60425153992796], [0.0, 0.0, 0.0, 1.0]], [[0.9419790657666471, 8.742278856357884e-08, -0.33567162695575425, -252.183200238766], [8.235043576830029e-08, -1.0000000000000078, -2.93453470844828e-08, -2.9410413128173108e-05], [-0.335671626955764, -3.80153607016113e-16, -0.9419790657666447, 252.1545848977733], [0.0, 0.0, 0.0, 1.0]], [[0.9485478784352176, 8.742278871271198e-08, -0.31663373762405017, -257.2310815426785], [8.292469974748752e-08, -1.0000000000000075, -2.76810018713565e-08, -2.9851712968399626e-05], [-0.3166337376240598, -2.8089461016781327e-16, -0.9485478784352153, 249.60274522253945], [0.0, 0.0, 0.0, 1.0]], [[0.9547319690675381, 8.742278885981605e-08, -0.2974674246470527, -262.2265495564204], [8.34653302566666e-08, -1.0000000000000078, -2.6005429503837562e-08, -3.028843069352657e-05], [-0.2974674246470622, -1.786524890165e-16, -0.954731969067536, 246.9497675162316], [0.0, 0.0, 0.0, 1.0]], [[0.9605288294550145, 8.742278900483133e-08, -0.2781804616997896, -267.16757816547545], [8.397210802122314e-08, -1.0000000000000078, -2.4319309578209618e-08, -3.07203891749806e-05], [-0.27818046169979904, -7.346866214984254e-17, -0.9605288294550125, 244.19672780148207], [0.0, 0.0, 0.0, 1.0]], [[0.965936108445973, 8.742278914769893e-08, -0.2587806713917756, -272.0521633354334], [8.444482749689521e-08, -1.000000000000008, -2.262332596874621e-08, -3.1147413214492474e-05], [-0.2587806713917849, 3.4614194529961075e-17, -0.9659361084459711, 241.34474268512668], [0.0, 0.0, 0.0, 1.0]], [[0.9709516128992647, 8.742278928836098e-08, -0.2392759220942326, -276.8783239248093], [8.488329695314046e-08, -1.0000000000000075, -2.091816655033734e-08, -3.156932961515594e-05], [-0.23927592209424178, 1.4555223714169022e-16, -0.970951612899263, 238.3949689053187], [0.0, 0.0, 0.0, 1.0]], [[0.9755733085737825, 8.742278942676039e-08, -0.2196741247487561, -281.64410248857416], [8.528733855089989e-08, -1.0000000000000075, -1.9204522919494467e-08, -3.198596725167463e-05], [-0.21967412474876521, 2.5930046044254664e-16, -0.975573308573781, 235.34860286236744], [0.0, 0.0, 0.0, 1.0]], [[0.979799320953531, 8.742278956284104e-08, -0.19998322965871, -286.3475660720769], [8.565678841472795e-08, -1.0000000000000078, -1.7483090113845093e-08, -3.2397157139768965e-05], [-0.19998322965871898, 3.7581272429793405e-16, -0.9797993209535295, 232.20688013348905], [0.0, 0.