[["init", [[[-0.000760968401241513, 0.9007262670768962, -0.43438649404984603, -66.05257967704028], [-0.0015779285829724543, -0.4343871749313186, -0.9007248633596238, -137.94665782458077], [-0.9999984459392408, 3.1739302808425716e-09, 0.0017518315156380276, 45.40829491809334], [0.0, 0.0, 0.0, 1.0]]]], ["setGripper", 28.7195000886], ["fingerGait", [[[-0.0007609684012415181, 0.9007262670768962, -0.4343864940498461, -66.05257967704028], [-0.001577928582972465, -0.4343871749313186, -0.9007248633596239, -137.94665782458077], [-0.9999984459392408, 3.173930230776969e-09, 0.0017518315156379715, 45.408294918093326], [0.0, 0.0, 0.0, 1.0]], [[0.010731987393815553, 0.8991562641342408, -0.43749611495742385, -65.75326513316605], [0.04403553556893369, -0.4375218462007197, -0.8981288842821553, -137.67144587173433], [-0.9989723000905407, -0.00962667222535736, -0.04429031077150071, 45.2549519867982], [0.0, 0.0, 0.0, 1.0]], [[0.022370355424365863, 0.8976862047298485, -0.44006710684168754, -65.45395058929182], [0.08950855999343052, -0.44020791116338387, -0.8934233037674308, -137.3962339188879], [-0.99573477630556, -0.01940358036262283, -0.09019821017838202, 45.10160905550307], [0.0, 0.0, 0.0, 1.0]], [[0.03412821133662281, 0.8963193634070219, -0.4420937428427359, -65.15463604541759], [0.13473985396231344, -0.44243938663522525, -0.8866186034511674, -137.12102196604147], [-0.9902930861376517, -0.029308943268238127, -0.13586960729692577, 44.94826612420794], [0.0, 0.0, 0.0, 1.0]], [[0.045979364618682926, 0.8950587847917713, -0.44357150864820577, -64.85532150154336], [0.17962866519966228, -0.44421130202591314, -0.8777299407384193, -136.84581001319503], [-0.9826593508997643, -0.039320696840803825, -0.18120276952564343, 44.79492319291281], [0.0, 0.0, 0.0, 1.0]], [[0.05789741693964133, 0.8939072768109393, -0.4444971125488597, -64.55600695766913], [0.22407500430657487, -0.44551971041081445, -0.8667771150406032, -136.5705980603486], [-0.9728505746643332, -0.04941653999472459, -0.22609671767803757, 44.64158026161768], [0.0, 0.0, 0.0, 1.0]], [[0.06985582095162204, 0.8928674044375706, -0.44486849277083695, -64.2566924137949], [0.2679798674865995, -0.44636169732273084, -0.8537845236724978, -136.29538610750217], [-0.9608886063868713, -0.05957398433566462, -0.2704514509127768, 44.488237330322555], [0.0, 0.0, 0.0, 1.0]], [[0.08182793942374218, 0.8919414839774593, -0.4446848220682351, -63.95737786992066], [0.31124545707574736, -0.4467353872438465, -0.8387811075074583, -136.02017415465573], [-0.9468000912376288, -0.06977040425323154, -0.3141681694846159, 44.33489439902743], [0.0, 0.0, 0.0, 1.0]], [[0.09378710457628972, 0.8911315779095991, -0.4439465095657925, -63.65806332604643], [0.353775399385856, -0.44663994778342625, -0.8218002865118964, -135.7449622018093], [-0.9306164112497306, -0.0799830873193078, -0.3571494948198864, 44.1815514677323], [0.0, 0.0, 0.0, 1.0]], [[0.10570667748294844, 0.8904394902920316, -0.4426551998475666, -63.3587487821722], [0.3954749593760609, -0.4460755915319579, -0.8028798853026246, -135.46975024896287], [-0.9123736154159974, -0.09018928487976761, -0.3992996864263402, 44.02820853643717], [0.0, 0.0, 0.0, 1.0]], [[0.11756010740875221, 0.8898667627433242, -0.4408137692936389, -63.05943423829797], [0.43625125167419543, -0.44504357558760904, -0.7820620488928821, -135.19453829611643], [-0.8921123393901572, -0.10036626272688715, -0.44052485515418327, 43.87486560514204], [0.0, 0.0, 0.0, 1.0]], [[0.1293209909515939, 0.8894146710086291, -0.4384263196730055, -62.760119694423736], [0.47601344747807106, -0.44354619875605283, -0.7593931488147208, -134.91932634327], [-0.8698777149713148, -0.1104913517395753, -0.4807331723332613, 43.72152267384691], [0.0, 0.0, 0.0, 1.0]], [[0.14096313085555184, 0.8890842221179737, -0.4354981690069259, -62.460805150549504], [0.5146729768757685, -0.44158679642990023, -0.734923679826859, -134.64411439042357], [-0.8457192695732996, -0.12054199837862482, -0.5198350743205464, 43.568179742551784], [0.0, 0.0, 0.0, 1.0]], [[0.15246059436502735, 0.8888761521431101, -0.43203583972308146, -62.16149060667527], [0.5521437261342713, -0.4391697331591448, -0.7087081474380886, -134.36890243757713], [-0.8196908159028232, -0.1304958149245057, -0.5577434620022982, 43.414836811256656], [0.0, 0.0, 0.0, 1.0]], [[0.16378777098971065, 0.888790924557923, -0.42804704412692984, -61.86217606280104], [0.588342229516985, -0.4363003929291694, -0.6808049464967737, -134.0936904847307], [-0.7918503320921892, -0.140330629345797, -0.5943738948065084, 43.26149387996153], [0.0, 0.0, 0.0, 1.0]], [[0.17491942955170373, 0.8888287292060453, -0.42354066722261813, -61.56286151892681], [0.6231878552028697, -0.43298516716796975, -0.651276231116883, -133.81847853188427], [-0.7622598325535558, -0.15002453468717522, -0.62964477879347, 43.1081509486664], [0.0, 0.0, 0.0, 1.0]], [[0.18583077438772844, 0.888989481877984, -0.4185267469217209, -61.26354697505258], [0.6566029848930516, -0.4292314405093099, -0.620187776230294, -133.54326657903783], [-0.7309852298424245, -0.15955593786694855, -0.6634775484054999, 42.95480801737127], [0.0, 0.0, 0.0, 1.0]], [[0.19649747406220192, 0.8892727836261218, -0.41301642364512864, -60.96423243117833], [0.6885131444642828, -0.4250475461761517, -0.5876087741385644, -133.26805462619163], [-0.698096131524161, -0.16890358571023714, -0.6957968584015992, 42.801465086076135], [0.0, 0.0, 0.0, 1.0]]]], ["closeGripper", 0], ["pivot", [[[0.1964974740622019, 0.8892727836261218, -0.41301642364512864, -60.96423243117833], [0.6885131444642829, -0.4250475461761517, -0.5876087741385645, -133.26805462619166], [-0.698096131524161, -0.1689035857102371, -0.6957968584015992, 42.801465086076135], [0.0, 0.0, 0.0, 1.0]], [[0.1902787598261075, 0.8877837519618621, -0.419086997270654, -60.57075943573234], [0.6754816985023546, -0.42816791369882795, -0.6003303687719928, -132.44358252354476], [-0.7124031757276658, -0.16885546758996103, -0.6811530245463012, 46.60517402473471], [0.0, 0.0, 0.0, 1.0]], [[0.18393521093806758, 0.8862954571498207, -0.4250271868393912, -60.14383307003486], [0.6621886470277715, -0.4312867385335877, -0.6127787405893316, -131.54900622570412], [-0.7264116258363205, -0.16873657971309325, -0.6662236946507105, 50.389383858329005], [0.0, 0.0, 0.0, 1.0]], [[0.17746948620637074, 0.8848085229875995, -0.43083450260537287, -59.683632274199624], [0.6486395616339847, -0.43440271346936227, -0.6249486720325933, -130.58470068160088], [-0.7401156104075112, -0.1685469719097958, -0.6510151261311049, 54.152508489131975], [0.0, 0.0, 0.0, 1.0]], [[0.17088429564757332, 0.8833235727025032, -0.43650651051479616, -59.19034993484459], [0.634840121227422, -0.4375145324895773, -0.6368350622481127, -129.55107006618812], [-0.7535093856110235, -0.16828672365148292, -0.6355336934426606, 57.89297065697947], [0.0, 0.0, 0.0, 1.0]], [[0.1641823993506333, 0.8818412286903228, -0.4420408332262218, -58.66419280424608], [0.6207961096472532, -0.44062089131955157, -0.6484329292244974, -128.44854761103645], [-0.766587337636488, -0.1679559440175105, -0.6197858854076886, 61.609202600356355], [0.0, 0.0, 0.0, 1.0]], [[0.15736660632005892, 0.8803621122544661, -0.44743515110700255, -58.10538141368153], [0.6065134132411767, -0.44372048797316477, -0.6597374118807658, -127.27759542275105], [-0.7793439850463268, -0.1675547716494568, -0.6037783024959374, 65.29964671350142], [0.0, 0.0, 0.0, 1.0]], [[0.1504397732985548, 0.8788868433455497, -0.4526872032055249, -57.514149980997104], [0.5919980183982412, -0.4468120232985666, -0.6707437721038026, -126.03870428928671], [-0.7917739810732229, -0.16708337469301446, -0.5875176540581005, 68.9627561992557], [0.0, 0.0, 0.0, 1.0]], [[0.1434048035696578, 0.8774160403015531, -0.4577947881988545, -56.890746312438424], [0.5772560090397354, -0.44989420152269816, -0.6814473967342695, -124.73239347424071], [-0.8038721158611398, -0.1665419507275123, -0.5710107555136875, 72.59699571738051], [0.0, 0.0, 0.0, 1.0]], [[0.1362646457408678, 0.8759503195886517, -0.4627557653153889, -56.235431698786115], [0.5622935640691986, -0.4529657307943958, -0.6918437995001452, -123.35921049921069], [-0.8156333186489587, -0.16593072668310485, -0.5542645254944367, 76.20084202807348], [0.0, 0.0, 0.0, 1.0]], [[0.12902229250778077, 0.8744902955428354, -0.4675680552321326, -55.54848080583967], [0.547116954782622, -0.4560253237258536, -0.7019286228970842, -121.91973091430928], [-0.8270526598958171, -0.16524995874565646, -0.5372859829444707, 79.77278463041284], [0.0, 0.0, 0.0, 1.0]], [[0.12168077939974248, 0.8730365801124161, -0.4722296409462145, -54.830181559294985], [0.5317325422399231, -0.4590716979322123, -0.7116976400148011, -120.41455805692996], [-0.8381253533472544, -0.16449993224936507, -0.520082244178405, 83.31132639546239], [0.0, 0.0, 0.0, 1.0]], [[0.11424318350755026, 0.8715897826015393, -0.4767385686202866, -54.080835024064555], [0.5161467745987989, -0.46210357656905343, -0.7211467563087207, -118.84432279886713], [-0.8488467580413026, -0.1636809615571688, -0.5026605198986457, 86.81498419377175], [0.0, 0.0, 0.0, 1.0]], [[0.1067126221937336, 0.870150509414803, -0.48109294840144684, -53.30075527809022], [0.5003661844120719, -0.4651196888675702, -0.7302720113161479, -117.20968328189487], [-0.8592123802536805, -0.16279338992898462, -0.4850281121731266, 90.28228951700909], [0.0, 0.0, 0.0, 1.0]], [[0.0990922517859561, 0.8687193638030926, -0.4852909552133451, -52.49026928070212], [0.48439738588966363, -0.46811877066719276, -0.7390695803162399, -115.51132464191649], [-0.8692178753812737, -0.16183758937783602, -0.4671924113747512, 93.71178909346547], [0.0, 0.0, 0.0, 1.0]], [[0.09138526625408568, 0.8672969456107344, -0.489330829521136, -51.64971673557801], [0.46824707212634203, -0.47109956494544203, -0.7475357759330822, -113.74995872179925], [-0.8788590497631121, -0.16081396051392913, -0.4491608930838228, 97.10204549717288], [0.0, 0.0, 0.0, 1.0]], [[0.08359489587148777, 0.8658838510240827, -0.4932108780689649, -50.77944994836162], [0.451922012296407, -0.4740608223447937, -0.755667049681201, -111.92632377301575], [-0.8881318624380852, -0.15972293237674273, -0.4309411149547615, 100.45163775038108], [0.0, 0.0, 0.0, 1.0]], [[0.07572440586110164, 0.8644806723216343, -0.49692947458967096, -49.879833678998544], [0.43542904881648675, -0.47700130169632815, -0.7634599934528603, -110.04118414621634], [-0.897032426838652, -0.15856496225520236, -0.412540713548421, 103.75916191914008], [0.0, 0.0, 0.0, 1.0]], [[0.06777709502686954, 0.8630879976257838, -0.5004850604864138, -48.95124498885243], [0.41877509447763595, -0.4799197705399492, -0.7709113409465213, -108.09532997086228], [-0.9055570124198417, -0.15734053549601387, -0.3939674011313325, 107.02323170173918], [0.0, 0.0, 0.0, 1.0]], [[0.059756294371088564, 0.8617064106563214, -0.5038761454859381, -47.994073082664926], [0.4019671295479381, -0.48281500564095214, -0.778017969035866, -106.08957682405428], [-0.913702046222857, -0.15605016530023777, -0.37522896244321774, 110.24247900975553], [0.0, 0.0, 0.0, 1.0]], [[0.051665365698269745, 0.8603364904857742, -0.5071013082631988, -47.00871914542613], [0.385012198846825, -0.4856857935027244, -0.7847768990788119, -104.02476538869495], [-0.9214641143726306, -0.15469439250818834, -0.3563332514341267, 113.41555454146892], [0.0, 0.0, 0.0, 1.0]], [[0.043514327620181106, 0.8589809536723526, -0.5101550262270598, -45.996252361600845], [0.3679139972398204, -0.48852986614465466, -0.7911875382019606, -101.90144311714012], [-0.9288389373830481, -0.1532824029649144, -0.3372871467249075, 116.54110963808836], [0.0, 0.0, 0.0, 1.0]]]], ["pivot", [[[0.043514327620181086, 0.8589809536723526, -0.5101550262270598, -45.99625236160085], [0.3679139972398205, -0.48852986614465466, -0.7911875382019607, -101.90144311714013], [-0.9288389373830481, -0.15328240296491444, -0.33728714672490756, 116.54110963808836], [0.0, 0.0, 0.0, 1.0]], [[0.033079649707570706, 0.8572778538141164, -0.5137901764886238, -44.67232554905189], [0.3460484965157334, -0.4920986520233681, -0.7988048677776314, -99.12720102544601], [-0.9376311196121974, -0.1513893546784164, -0.3129361433408882, 120.43861674513568], [0.0, 0.0, 0.0, 1.0]], [[0.022550197261262492, 0.8555964906982033, -0.5171518752508847, -43.30527347788167], [0.3239843990881784, -0.4956218893227206, -0.8058491893499802, -96.26259147042376], [-0.9457914706401135, -0.1493943031478117, -0.2883742641681822, 124.25502130266224], [0.0, 0.0, 0.0, 1.0]], [[0.011933065632149395, 0.8539379973238239, -0.520237857207795, -41.89601734643217], [0.3017365730155042, -0.4990972038827042, -0.8123157560498243, -93.30954479081274], [-0.953314491552751, -0.14729859275361265, -0.2636180604141929, 127.98775159769265], [0.0, 0.0, 0.0, 1.0]]]], ["pivot", [[[0.011933065632149437, 0.8539379973238238, -0.520237857207795, -41.896017346432174], [0.3017365730155042, -0.4990972038827042, -0.8123157560498242, -93.30954479081274], [-0.953314491552751, -0.14729859275361268, -0.2636180604141929, 127.98775159769266], [0.0, 0.0, 0.0, 1.0]], [[0.003566884620922026, 0.852656632894114, -0.5224594471499698, -40.76391954117192], [0.2842055348281384, -0.5017822579974826, -0.8169710196713829, -90.93727363994769], [-0.958754580886608, -0.14558904704727402, -0.24411750799992407, 130.91681340601764], [0.0, 0.0, 0.0, 1.0]], [[-0.004845170423640771, 0.8513904914507399, -0.5245099487916557, -39.60642611220538], [0.26657836921666683, -0.5044354128795742, -0.8212677737740516, -88.51178685241527], [-0.9637989063003594, -0.143819410941237, -0.2245161857725083, 133.79186848805244], [0.0, 0.0, 0.0, 1.0]], [[-0.013299627100248478, 0.8501400956425856, -0.5263885157089397, -38.424014859743686], [0.24886235247591793, -0.5070555733366164, -0.8252042447062772, -86.03408564176037], [-0.9684453855534606, -0.14199041492129472, -0.20482218493632265, 136.61173005353905], [0.0, 0.0, 0.0, 1.0]], [[-0.02179299550469581, 0.8489059616189147, -0.5280943724506205, -37.217173869794046], [0.23106479757746268, -0.5096416577959731, -0.8287788075373297, -83.50519277505188], [-0.9726921006317674, -0.14010281397634147, -0.18504363495242707, 139.37523409547939], [0.0, 0.0, 0.0, 1.0]], [[-0.030321769670455898, 0.8476885988163104, -0.5296268148583069, -35.98640131268331], [0.2131930511509023, -0.5121925987511947, -0.831989986728055, -80.92615215069608], [-0.9765372985392716, -0.13815738728672322, -0.1651887001828147, 142.08123987062461], [0.0, 0.0, 0.0, 1.0]], [[-0.03888242901590374, 0.8464885097483847, -0.5309852103570846, -34.732205237418846], [0.1952544904512624, -0.514707343202673, -0.8348364567399598, -78.29802836752691], [-0.9799793920217161, -0.13615493790259947, -0.14526557652025504, 144.72863037036075], [0.0, 0.0, 0.0, 1.0]], [[-0.04747143979757221, 0.8453061897983474, -0.532168998216638, -33.455103361971766], [0.17725652031374625, -0.5171848530923079, -0.8373170425823803, -75.62190628535194], [-0.9830169602217971, -0.13409629241245435, -0.12528248800512215, 147.31631278179736], [0.0, 0.0, 0.0, 1.0]], [[-0.0560852565688412, 0.8441421270145167, -0.533177689782712, -32.155622859568716], [0.1592065700971015, -0.5196241057320056, -0.8394307202975042, -72.89889057713424], [-0.9856487492656777, -0.1319823006018894, -0.10524768343060446, 149.8432189388684], [0.0, 0.0, 0.0, 1.0]], [[-0.06472032364345921, 0.8429968019088598, -0.5340108686788233, -30.834300141080682], [0.14111209061686553, -0.5220240942258326, -0.8411766173830489, -70.13010527299596], [-0.9878736727805718, -0.12981383510284186, -0.08516943293769455, 152.30830576325886], [0.0, 0.0, 0.0, 1.0]], [[-0.07337307656328888, 0.8418706872586413, -0.5346681909781361, -29.49168063359875], [0.12298055106975227, -0.5243838278856524, -0.8425540131524213, -67.31669329623139], [-0.989690812343188, -0.12759179103337262, -0.06505602460137015, 154.71055569497602], [0.0, 0.0, 0.0, 1.0]], [[-0.08203994356967605, 0.8407642479112667, -0.5351493853454313, -28.1283185552879], [0.10481943595045315, -0.5267023326400675, -0.8435623390322083, -64.45981599152113], [-0.9910994178588431, -0.12531708562817076, -0.04491576100936898, 157.04897711238652], [0.0, 0.0, 0.0, 1.0]], [[-0.09071734707783081, 0.8396779405923991, -0.5354542531491099, -26.744776686612], [0.08663624196212123, -0.528978651436508, -0.8442011787968777, -61.5606526455421], [-0.9920989078710929, -0.12299065785992987, -0.024756955834975197, 159.32260474154666], [0.0, 0.0, 0.0, 1.0]], [[-0.09940170515361489, 0.8386122137174278, -0.5355826685431866, -25.34162613802441], [0.0684384749218172, -0.5312118446362907, -0.8444702687405922, -58.62040000017133], [-0.9926888698017525, -0.12061346805175088, -0.00458793040522853, 161.53050005465656], [0.0, 0.0, 0.0, 1.0]], [[-0.10808943299212241, 0.837567507206367, -0.5355345785192379, -23.91944611422008], [0.050233646662193626, -0.5334009904024911, -0.8443694977860624, -55.640271758484594], [-0.9928690601212016, -0.11818649748073119, 0.015582989734025169, 163.67175165747375], [0.0, 0.0, 0.0, 1.0]], [[-0.11677694439744797, 0.8365442523022628, -0.5353100029282823, -22.478823675046307], [0.03202927193069399, -0.5355451850804686, -0.8438989075304008, -52.62149808375319], [-0.992639404448912, -0.11571074797290486, 0.035747478254825486, 165.74547566552664], [0.0, 0.0, 0.0, 1.0]], [[-0.12546065326302713, 0.8355428713931788, -0.5349090344725863, -21.020353493171083], [0.013832865287550474, -0.5376435435708821, -0.8430586922279472, -49.565325091646535], [-0.9919999975841499, -0.11318724148969979, 0.05589721148411125, 167.7508160689716], [0.0, 0.0, 0.0, 1.0]], [[-0.13413697505194114, 0.8345637778378426, -0.534331838667399, -19.544637608609033], [-0.004348061996140928, -0.5396951996950531, -0.8418491987100875, -46.47301433585], [-0.9909511034668467, -0.1106170197060841, 0.0760238718396392, 169.68694508594476], [0.0, 0.0, 0.0, 1.0]], [[-0.1428023282765724, 0.8336073757950122, -0.5335786537726279, -18.052285180205992], [-0.022506005038989634, -0.5416993065525111, -0.8402709262420821, -43.345842287309374], [-0.9894931550686444, -0.1080011435805738, 0.09611915126338767, 171.5530635042606], [0.0, 0.0, 0.0, 1.0]], [[-0.1514531359770036, 0.8326740600566465, -0.5326497906944888, -16.54391223418511], [-0.040633468447239876, -0.5436550368705858, -0.8383245263169752, -40.185099807318224], [-0.9876267542141707, -0.10534069291728188, 0.11617475465102882, 173.34840101131766], [0.0, 0.0, 0.0, 1.0]], [[-0.16008582719754505, 0.8317642158849388, -0.5315456328571673, -15.020141409858272], [-0.058722969408784235, -0.5455615833458962, -0.836010802386668, -36.99209161466519], [-0.9853526713326136, -0.10263676592018654, 0.13618240327605477, 175.07221651207522], [0.0, 0.0, 0.0, 1.0]], [[-0.1686968384607852, 0.8308782188532842, -0.5302666360445442, -13.481601702607545], [-0.0767670407819849, -0.5474181589775954, -0.83333070953026, -33.768135747060356], [-0.9826718451396962, -0.09989047873980572, 0.15613383820714138, 176.72379843496867], [0.0, 0.0, 0.0, 1.0]], [[-0.17728261523855426, 0.8300164346912484, -0.5288133282120552, -11.928928204243057], [-0.09475823417802509, -0.5492239973922369, -0.8302853540598052, -30.514563017064482], [-0.9795853822501852, -0.09710296501246239, 0.17602082371734265, 178.30246502563836], [0.0, 0.0, 0.0, 1.0]], [[-0.18583961341919272, 0.8291792191335977, -0.5271863092687552, -10.36276184084419], [-0.11268912303551908, -0.5509783531601238, -0.8268759930636382, -27.232716462744605], [-0.9760945567210936, -0.09427537539233251, 0.19583515068370552, 179.80756462835], [0.0, 0.0, 0.0, 1.0]], [[-0.19436430077052097, 0.8283669177734562, -0.5253862508296835, -8.783749108192623], [-0.13055230568611387, -0.5526805021030142, -0.823104033887462, -23.923950793282913], [-0.9722008095257629, -0.09140887707646736, 0.21556863997590267, 181.23847595499083], [0.0, 0.0, 0.0, 1.0]], [[-0.20285315839790447, 0.8275798659196487, -0.5234138959386283, -7.192541804906135], [-0.14834040840981338, -0.5543297415930538, -0.8189710335534127, -20.589631829768365], [-0.9679057479590479, -0.08850465332298889, 0.2352131458324857, 182.5946083415305], [0.0, 0.0, 0.0, 1.0]], [[-0.21130268219681445, 0.8268183884582893, -0.5212700587614066, -5.5897967633834575], [-0.16604608847876728, -0.5559253908428129, -0.8144786981173371, -17.2311359414009], [-0.9632111449738416, -0.08556390296265301, 0.25476055922336316, 183.87540199184008], [0.0, 0.0, 0.0, 1.0]], [[-0.21970938429928155, 0.826082799718671, -0.5189556242497863, -3.9761755786713735], [-0.1836620371882662, -0.5574667911863074, -0.8096288819645527, -13.849849477341976], [-0.9581189384492205, -0.08258783990398672, 0.27420281119711615, 185.08032820877003], [0.0, 0.0, 0.0, 1.0]], [[-0.22806979451364975, 0.8253734033435163, -0.516471547776187, -2.3523443353656646], [-0.2011809828736923, -0.5589533063508888, -0.8044235870443786, -10.447168194445148], [-0.9526312303905107, -0.07957769263219946, 0.29353187621177135, 186.20888961239018], [0.0, 0.0, 0.0, 1.0]], [[-0.23638046175703886, 0.8246904921636327, -0.5138188547393147, -0.7189733326576508], [-0.21859569391217532, -0.560384322719893, -0.7988649620437538, -7.024496681104345], [-0.946750286061605, -0.07653470370207052, 0.31273977544765197, 187.26062034530258], [0.0, 0.0, 0.0, 1.0]]]], ["pivot", [[[-0.23638046175703892, 0.8246904921636327, -0.5138188547393148, -0.7189733326576508], [-0.21859569391217532, -0.560384322719893, -0.7988649620437538, -7.024496681104338], [-0.946750286061605, -0.07653470370207052, 0.3127397754476519, 187.26062034530258], [0.0, 0.0, 0.0, 1.0]], [[-0.24458012045276753, 0.824038865137225, -0.5110190404661933, 0.9121826988786026], [-0.23577779083341527, -0.5617497843395587, -0.79299805005252, -3.6064665414514394], [-0.9405239645020241, -0.07348184250702249, 0.3316849752928406, 188.34116386253157], [0.0, 0.0, 0.0, 1.0]], [[-0.2527240129880608, 0.823413895553192, -0.5080551902943763, 2.552395102869699], [-0.25284303173383743, -0.5630593862258655, -0.7867874065943246, -0.16945908954659217], [-0.9339148416354119, -0.07039908065800869, 0.35049517766435206, 189.34508485886155], [0.0, 0.0, 0.0, 1.0]], [[-0.26080882473627176, 0.8228158377789415, -0.5049285105335878, 4.200996300302599], [-0.2697844709296699, -0.564312595360814, -0.7802355594486308, 3.28512678624859], [-0.9269256074254035, -0.0672876728627166, 0.36916272666572847, 190.27197473075663], [0.0, 0.0, 0.0, 1.0]], [[-0.2688312651170865, 0.8222449352285692, -0.501640273766442, 5.857315297861122], [-0.28659521312538266, -0.5655089016786862, -0.7733451752674162, 6.755885043019369], [-0.9195591065438621, -0.06414888548795342, 0.38768002446152644, 191.12145622693868], [0.0, 0.0, 0.0, 1.0]], [[-0.2767880689358152, 0.8217014202637863, -0.49819181833049214, 7.520677961025234], [-0.3032684162201258, -0.5666478182736467, -0.7661190584898256, 10.241403055567964], [-0.9118183372130766, -0.06098399604422489, 0.40603953436969387, 191.8931836019314], [0.0, 0.0, 0.0, 1.0]], [[-0.28467599771235175, 0.8211855140993473, -0.49458454777351707, 9.190407288449121], [-0.319797294092517, -0.5677288815979167, -0.7585601502007419, 13.74026219136303], [-0.9037064499854615, -0.05779429266577868, 0.4242337839290581, 192.58684275678152], [0.0, 0.0, 0.0, 1.0]], [[-0.29249184099925996, 0.8206974267130129, -0.4908199302822664, 10.86582368750579], [-0.33617511936264544, -0.5687516516504417, -0.7506715269337425, 17.25103838793377], [-0.8952267464612587, -0.0545810735863241, 0.44225536794067427, 193.2021513668994], [0.0, 0.0, 0.0, 1.0]], [[-0.3002324176884499, 0.820237356760088, -0.4868994980848972, 12.546245250886578], [-0.3523952261301662, -0.5697157121559759, -0.7424563994189268, 20.772302732474447], [-0.8863826779447594, -0.051345646610640915, 0.46009695148179763, 193.738858996967], [0.0, 0.0, 0.0, 1.0]], [[-0.30789457730591346, 0.8198054914925681, -0.48282484682734583, 14.230988034142554], [-0.3684510126873735, -0.5706206707345085, -0.7339181112761242, 24.302622043422712], [-0.8771778440395992, -0.04808932858229277, 0.4777512728912546, 194.19674720286775], [0.0, 0.0, 0.0, 1.0]], [[-0.31547520129399165, 0.8194020066829253, -0.4785976349238874, 15.919366334055216], [-0.38433594420614514, -0.5714661590609654, -0.7250601376540147, 27.840559453775498], [-0.8676159911836892, -0.044813444847661574, 0.495211146724993, 194.57562962059416], [0.0, 0.0, 0.0, 1.0]], [[-0.3229712042806509, 0.8190270665525676, -0.4742195828821484, 17.61069296772293], [-0.4000435553976694, -0.5722518330151214, -0.7158860838157182, 31.384674995905005], [-0.8577010111243891, -0.041519328716521885, 0.5124694666806139, 194.87535204209996], [0.0, 0.0, 0.0, 1.0]], [[-0.33037953533525394, 0.818680823705001, -0.4696924726028474, 19.304279552249653], [-0.41556745314386523, -0.5729773728216586, -0.706399683671423, 34.93352618763638], [-0.8474369393345352, -0.03820832091937307, 0.5295192084896905, 195.0957924780634], [0.0, 0.0, 0.0, 1.0]], [[-0.33769717921031095, 0.8183634190637161, -0.46501814665454727, 20.999436784922008], [-0.4309013190994316, -0.5736424831803175, -0.6966047982586572, 38.485668619349184], [-0.8368279533699725, -0.03488176906175212, 0.5463534327766997, 195.23686120753865], [0.0, 0.0, 0.0, 1.0]], [[-0.34492115756870895, 0.8180749818148332, -0.4601985075237157, 22.695474723760803], [-0.4460389122634617, -0.5742468933860873, -0.6865054141708155, 42.03965654186305], [-0.8258783711692569, -0.031541027075747526, 0.5629652878834005, 195.298500814472], [0.0, 0.0, 0.0, 1.0]], [[-0.35204853019591814, 0.8178156293545231, -0.4552355168403994, 24.391703068332685], [-0.46097407151957853, -0.5747903574393844, -0.6761056419345872, 45.5940434548687], [-0.8145926492962218, -0.028187454668938895, 0.5793480126575119, 195.28068621107127], [0.0, 0.0, 0.0, 1.0]], [[-0.35907639619668086, 0.8175854672412226, -0.4501311945798244, 26.087431440707718], [-0.4757007181435564, -0.5752726541461758, -0.6654097143369376, 49.147382695664746], [-0.8029753811261219, -0.024822416770985387, 0.5954949392045533, 195.1834246480165], [0.0, 0.0, 0.0, 1.0]], [[-0.36600189517569903, 0.8173845891526759, -0.4448876182402519, 27.78196966644848], [-0.49021285827740796, -0.5756935872080072, -0.6544219847023339, 52.69822802796031], [-0.7910312949760949, -0.021447282978088806, 0.6113994956017293, 195.00675571150902], [0.0, 0.0, 0.0, 1.0]], [[-0.37282220840183655, 0.8172130768478034, -0.43950692199741975, 29.474628055516327], [-0.5045045853689308, -0.5760529853018985, -0.6431469251209075, 56.245134230504455], [-0.7787652521807, -0.018063426995557543, 0.6270552085727517, 194.75075130715925], [0.0, 0.0, 0.0, 1.0]], [[-0.3795345599553643, 0.817071000133427, -0.43399129583591645, 31.164717682980566], [-0.5185700825757192, -0.5763507021500718, -0.6315891246282784, 59.786657685302245], [-0.7661822451133169, -0.014672226078698, 0.6424557061225128, 194.41551563072085], [0.0, 0.0, 0.0, 1.0]], [[-0.3861362178577808, 0.8169584168358582, -0.4283429846578418, 32.85155066941612], [-0.5324036251326629, -0.5765866165794893, -0.6197532873377839, 63.32135696517823], [-0.7532873951542118, -0.011275060472261088, 0.6575947201305368, 194.00118512568213], [0.0, 0.0, 0.0, 1.0]], [[-0.3926244951837491, 0.8168753727773612, -0.42256428736911306, 34.53444046087581], [-0.5459995826819719, -0.5767606325711714, -0.6076442305258686, 66.84779342044844], [-0.740085950606098, -0.00787331284867219, 0.6724660889021524, 193.50792842773262], [0.0, 0.0, 0.0, 1.0]], [[-0.39899675115469485, 0.816821901757504, -0.4166575559437935, 36.21270210832297], [-0.5593524215647737, -0.576872679299276, -0.5952668826714135, 70.36453176446193], [-0.7265832845580334, -0.004468367745272653, 0.6870637596763497, 192.93594629612684], [0.0, 0.0, 0.0, 1.0]], [[-0.4052503926606244, 0.8167980234595464, -0.41062519193609426, 37.885652905542216], [-0.5724567145288244, -0.5769227176118129, -0.5826262868992089, 73.87014127867931], [-0.7127848717522071, -0.0010616118752196106, 0.7013817737099297, 192.285466244215], [0.0, 0.0, 0.0, 1.0]]]], ["setGripper", 28.9772560687], ["fingerGait", [[[-0.40525039266062424, 0.8167980234595464, -0.41062519193609437, 37.885652905542194], [-0.5724567145288245, -0.576922717611813, -0.5826262868992089, 73.87014127867931], [-0.7127848717522066, -0.0010616118752194937, 0.7013817737099296, 192.28546624421494], [0.0, 0.0, 0.0, 1.0]], [[-0.41583941390350576, 0.8222025354429728, -0.3886650391881187, 37.81328643151753], [-0.6042045024829007, -0.5691873553987363, -0.5576401849986047, 74.07049725862316], [-0.6797143417986545, 0.0029271428180530634, 0.7334709525940442, 192.66423721877004], [0.0, 0.0, 0.0, 1.0]], [[-0.4253536049216154, 0.827620683428437, -0.36622159312798447, 37.74091995749287], [-0.6346922733078562, -0.561250173111419, -0.5311909860656548, 74.27085323856701], [-0.6451646005597368, 0.006476732337089204, 0.764016022759928, 193.04300819332514], [0.0, 0.0, 0.0, 1.0]], [[-0.4337717730976338, 0.833040398629784, -0.3433448459581577, 37.66855348346821], [-0.6638521162734163, -0.5531288506205393, -0.5033376050149663, 74.47120921851086], [-0.6092126067010047, 0.009579250061959392, 0.7929489458444894, 193.42177916788023], [0.0, 0.0, 0.0, 1.0]], [[-0.4410751671771094, 0.8384496087699256, -0.32008575504825126, 37.59618700944355], [-0.6916190785746734, -0.5448414779643724, -0.4741420845409236, 74.67156519845472], [-0.5719384423698801, 0.012227785213728868, 0.8202052745010554, 193.80055014243533], [0.0, 0.0, 0.0, 1.0]], [[-0.44724751903639776, 0.8438362649715289, -0.2964961294287869, 37.523820535418885], [-0.7179313100127982, -0.5364065150536926, -0.4436694569191732, 74.87192117839857], [-0.5334251348147184, 0.014416438248041093, 0.8457242959541893, 194.17932111699042], [0.0, 0.0, 0.0, 1.0]], [[-0.4522750799194918, 0.8491883685955826, -0.27262851438790364, 37.45145406139422], [-0.7427302007647779, -0.5278427505527938, -0.4119875991488912, 75.07227715834242], [-0.4937584714437355, 0.016140333996202016, 0.869449167235846, 194.55809209154552], [0.0, 0.0, 0.0, 1.0]], [[-0.45614665106302416, 0.8544939979680586, -0.24853607442807168, 37.37908758736956], [-0.7659605119352986, -0.5191692600282202, -0.379167081758503, 75.27263313828627], [-0.45302680873574813, 0.01739563252449374, 0.8913270418016306, 194.9368630661006], [0.0, 0.0, 0.0, 1.0]], [[-0.4588536086412261, 0.8597413349351367, -0.22427247484352178, 37.3067211133449], [-0.7875704985999721, -0.510405363458429, -0.3452810116116345, 75.47298911823012], [-0.41132087542837603, 0.018179537687528724, 0.9113091872451254, 195.3156340406557], [0.0, 0.0, 0.0, 1.0]], [[-0.4603899229752796, 0.8649186911878397, -0.19989176218217408, 37.23435463932024], [-0.8075120250658337, -0.5015705821990327, -0.31040486906344233, 75.67334509817397], [-0.3687335704220975, 0.018490303356592172, 0.9293510938480797, 195.6944050152108], [0.0, 0.0, 0.0, 1.0]], [[-0.4607521719642722, 0.8700145342974429, -0.17544824385833402, 37.161988165295575], [-0.8257406720923671, -0.49268459549947813, -0.27461633983005174, 75.87370107811782], [-0.32535975585032323, 0.018327237309099124, 0.945412573724669, 196.0731759897659], [0.0, 0.0, 0.0, 1.0]], [[-0.4599395487078397, 0.8750175134036645, -0.150996367184315, 37.089621691270914], [-0.8422158358342273, -0.4837671966680211, -0.23799514194560947, 76.07405705806167], [-0.28129604577641865, 0.017690702770502553, 0.9594578503389846, 196.451946964321], [0.0, 0.0, 0.0, 1.0]], [[-0.4579538633035159, 0.8799164844984169, -0.1265905980904418, 37.01725521724625], [-0.856900818285269, -0.47483824898263843, -0.2006228481924003, 76.27441303800552], [-0.23664059098834708, 0.016582117605217973, 0.9714556381963517, 196.8307179388761], [0.0, 0.0, 0.0, 1.0]], [[-0.45479953881478663, 0.8847005352487994, -0.10228529980358285, 36.94488874322159], [-0.8697629090224164, -0.46591764144608405, -0.16258270439955938, 76.47476901794937], [-0.19149286037029808, 0.015003951158366677, 0.9813792125309703, 197.2094889134312], [0.0, 0.0, 0.0, 1.0]], [[-0.45048360141882915, 0.8893590093040414, -0.07813461175445197, 36.87252226919693], [-0.8807734580672953, -0.4570252444836434, -0.12395944401511554, 76.67512499789322], [-0.1459534193382906, 0.012959718755372596, 0.9892064688346468, 197.58825988798628], [0.0, 0.0, 0.0, 1.0]], [[-0.4450156647558816, 0.8938815300322509, -0.05419232898341005, 36.800155795172266], [-0.8899079397033274, -0.44818086568226917, -0.08483909936440148, 76.87548097783707], [-0.10012370583327879, 0.010453973871664777, 0.9949199720940222, 197.96703086254138], [0.0, 0.0, 0.0, 1.0]], [[-0.4384079085151056, 0.8982580236340971, -0.03051178231338775, 36.727789321147604], [-0.897146007106137, -0.4394042056696875, -0.04530881001524808, 77.07583695778092], [-0.05410580437073139, 0.007492297989927233, 0.9985069956266177, 198.34580183709647], [0.0, 0.0, 0.0, 1.0]], [[-0.43066851903376024, 0.9024819013675782, -0.0071450221767982, 36.655422847123], [-0.9024747027067636, -0.43070830425352025, -0.005455300084910779, 77.27619293772486], [-0.008000730004081167, 0.0040812904046175135, 0.9999596416542703, 198.72457281165157], [0.0, 0.0, 0.0, 1.0]]]], ["closeGripper", 0], ["pivot", [[[-0.4306685190337603, 0.9024819013675784, -0.007145022176798201, 36.655422847123], [-0.9024747027067637, -0.43070830425352036, -0.005455300084910778, 77.27619293772486], [-0.008000730004081169, 0.004081290404617514, 0.9999596416542702, 198.72457281165157], [0.0, 0.0, 0.0, 1.0]], [[-0.43071858309833944, 0.9024818575538035, 0.0007300842072859756, 38.220234322156614], [-0.9024531968129921, -0.43070837551148095, 0.00735179062189285, 79.82058121221775], [0.006949339869309264, 0.004081289673397579, 0.9999682983928787, 198.6644264256175], [0.0, 0.0, 0.0, 1.0]]]]]