[["init", [[[-0.0008102901020201614, -0.8819118647536399, 0.47141361236572266, 14.58702433220867], [-0.001515864228952779, 0.47141432770439806, 0.8819105625152588, 27.288376598226506], [-0.9999985278322185, -1.2625889667106094e-08, -0.0017188359051942825, 48.88798716357638], [0.0, 0.0, 0.0, 1.0]]]], ["setGripper", 84.6388740121], ["fingerGait", [[[-0.000810290102020107, -0.8819118647536399, 0.47141361236572266, 14.587024332208674], [-0.0015158642289528296, 0.4714143277043981, 0.8819105625152588, 27.288376598226506], [-0.9999985278322187, -1.2625889765172005e-08, -0.0017188359051942418, 48.88798716357638], [0.0, 0.0, 0.0, 1.0]], [[-0.000810290102020107, -0.8819118647536399, 0.47141361236572266, 12.000746999143363], [-0.0015158642289528296, 0.4714143277043981, 0.8819105625152588, 22.450078131253264], [-0.9999985278322187, -1.2625889765172005e-08, -0.0017188359051942418, 50.772464462330866], [0.0, 0.0, 0.0, 1.0]], [[-0.000810290102020107, -0.8819118647536399, 0.47141361236572266, 9.414469666078052], [-0.0015158642289528296, 0.4714143277043981, 0.8819105625152588, 17.61177966428002], [-0.9999985278322187, -1.2625889765172005e-08, -0.0017188359051942418, 52.65694176108535], [0.0, 0.0, 0.0, 1.0]], [[-0.000810290102020107, -0.8819118647536399, 0.47141361236572266, 6.82819233301274], [-0.0015158642289528296, 0.4714143277043981, 0.8819105625152588, 12.77348119730678], [-0.9999985278322187, -1.2625889765172005e-08, -0.0017188359051942418, 54.54141905983983], [0.0, 0.0, 0.0, 1.0]], [[-0.000810290102020107, -0.8819118647536399, 0.47141361236572266, 4.2419149999474275], [-0.0015158642289528296, 0.4714143277043981, 0.8819105625152588, 7.935182730333537], [-0.9999985278322187, -1.2625889765172005e-08, -0.0017188359051942418, 56.425896358594315], [0.0, 0.0, 0.0, 1.0]], [[-0.000810290102020107, -0.8819118647536399, 0.47141361236572266, 1.6556376668821147], [-0.0015158642289528296, 0.4714143277043981, 0.8819105625152588, 3.096884263360295], [-0.9999985278322187, -1.2625889765172005e-08, -0.0017188359051942418, 58.310373657348784], [0.0, 0.0, 0.0, 1.0]]]], ["closeGripper", 0], ["pivot", [[[-0.0008102901020201239, -0.8819118647536399, 0.4714136123657226, 1.6556376668821131], [-0.001515864228952827, 0.4714143277043981, 0.8819105625152588, 3.0968842633602964], [-0.9999985278322185, -1.2625889716317729e-08, -0.0017188359051942127, 58.310373657348784], [0.0, 0.0, 0.0, 1.0]], [[0.008637654901785323, -0.8819118647001122, 0.4713351689695433, 1.099116123155226], [0.016159149969349754, 0.4714143278045368, 0.8817638118587946, 2.055755592583947], [-0.9998321272430328, -1.2824047493694855e-08, 0.01832286519629816, 59.4877624251036], [0.0, 0.0, 0.0, 1.0]], [[0.018082130183389344, -0.881911864644723, 0.4710673914217532, 0.5315830042416128], [0.03382767307682563, 0.47141432790815757, 0.8812628589058736, 0.9940267020800289], [-0.9992640966111321, -1.3019890041425164e-08, 0.03835720604907383, 60.64127780192631], [0.0, 0.0, 0.0, 1.0]], [[0.02751934192090189, -0.8819118645874947, 0.4706103872879175, -0.046733713236869256], [0.05148260769232391, 0.4714143280152191, 0.8804079048880332, -0.08787591433510089], [-0.9982946641129881, -1.3213338295558556e-08, 0.05837613890896334, 61.7704683105748], [0.0, 0.0, 0.0, 1.0]], [[0.03694549921017994, -0.8819118645284502, 0.4699643401454437, -0.635601720914024], [0.06911686187315703, 0.4714143281256781, 0.8791992932381453, -1.1895176591103032], [-0.996924219167189, -1.3404314818743011e-08, 0.0783716222211491, 62.87489791353103], [0.0, 0.0, 0.0, 1.0]], [[0.04635681558762478, -0.8819118644676132, 0.46912950950983895, -1.2347844719970054], [0.08672335198391568, 0.47141432823949053, 0.8776375094524599, -2.3104560055363845], [-0.9951533122780118, -1.3592742693100412e-08, 0.09833562385043762, 63.95414859640937], [0.0, 0.0, 0.0, 1.0]], [[0.05574951055119455, -0.8819118644050082, 0.46810623073046287, -1.8440412762865939], [0.1042950055419475, 0.4714143283566104, 0.8757231808955829, -3.4502406755079904], [-0.9929826548142856, -1.37785465027041e-08, 0.11826012430774807, 65.00782382215341], [0.0, 0.0, 0.0, 1.0]], [[0.06511981107902232, -0.8819118643406605, 0.4668949148558194, -2.463127396861788], [0.12182476405835525, 0.4714143284769909, 0.8734570765484656, -4.608413820399084], [-0.9904131187236365, -1.3961651372838219e-08, 0.13813711997152067, 66.03555310853655], [0.0, 0.0, 0.0, 1.0]], [[0.07446395314502913, -0.8819118642745959, 0.46549604846843884, -3.091794148390038], [0.1393055858733745, 0.4714143286005835, 0.8708401066995062, -5.784510204979707], [-0.9874457361822284, -1.4141983763245866e-08, 0.15795862630275134, 67.03699802618897], [0.0, 0.0, 0.0, 1.0]], [[0.08377818323092465, -0.8819118642068406, 0.4639101934894194, -3.729788997023533], [0.1567304489849901, 0.47141432872733874, 0.8678733225788896, -6.978057394299747], [-0.984081699180141, -1.4319471353792464e-08, 0.17771668105236094, 68.01185995502402], [0.0, 0.0, 0.0, 1.0]], [[0.093058759833985, -0.8819118641374218, 0.46213798695270464, -4.376855661841365], [0.174092353869657, 0.47141432885720547, 0.8645579159363116, -8.188575943464809], [-0.9803223590425497, -1.4494042929275888e-08, 0.19740334745961047, 68.95988996702363], [0.0, 0.0, 0.0, 1.0]], [[0.10230195497000596, -0.8819118640663679, 0.4601801407491887, -5.032734217796984], [0.19138432629399088, 0.4714143289901316, 0.8608952185622547, -9.41557959022812], [-0.9761692258869021, -1.466562801195512e-08, 0.217010717440278, 69.88090121417818], [0.0, 0.0, 0.0, 1.0]], [[0.11150405567082392, -0.8819118639937072, 0.45803744134075147, -5.6971612001293845], [0.2085994201163004, 0.47141432912606374, 0.8568867017530123, -10.658575450320773], [-0.9716239680163076, -1.48341580122132e-08, 0.23653091476331603, 70.77478418108382], [0.0, 0.0, 0.0, 1.0]], [[0.1206613654758062, -0.881911863919469, 0.45571074944433876, -6.369869710196261], [0.22573072007683465, 0.47141432926494736, 0.8525339757196725, -11.917064215442121], [-0.9666884112493842, -1.4999565084697245e-08, 0.25595609821471377, 71.64152509950156], [0.0, 0.0, 0.0, 1.0]], [[0.12977020591671015, -0.8819118638436826, 0.4532009996862147, -7.050589522686507], [0.2427713445756255, 0.4714143294067265, 0.8478387889412998, -13.190540353830656], [-0.9613645381868315, -1.5161782794329155e-08, 0.2752784647472926, 72.48122770311441], [0.0, 0.0, 0.0, 1.0]], [[0.13882691799531433, -0.8819118637663793, 0.4505092002265244, -7.739047194169055], [0.25971444843680924, 0.47141432955134444, 0.8428030274625763, -14.478492313334854], [-0.9556544874150257, -1.53207460365802e-08, 0.2944902526151713, 73.29413831082742], [0.0, 0.0, 0.0, 1.0]], [[0.1478278636532288, -0.8819118636875893, 0.4476364323543188, -8.434966172934411], [0.27655322565831586, 0.47141432969874303, 0.8374287141361814, -15.78040272690238], [-0.9495605526469538, -1.5476390931228526e-08, 0.31358374449163884, 74.08067395408709], [0.0, 0.0, 0.0, 1.0]], [[0.1567694272332942, -0.8819118636073447, 0.44458385005320356, -9.138066910084756], [0.2932809121458236, 0.4714143298488629, 0.8317180078102177, -17.095748620405114], [-0.9430851818008359, -1.5628654896191572e-08, 0.33255127056918543, 74.84145289982335], [0.0, 0.0, 0.0, 1.0]], [[0.1656480169319819, -0.8819118635256777, 0.4413526795377867, -9.84806697182805], [0.3098907884298779, 0.4714143300016438, 0.8256732024610072, -18.42400162271653], [-0.936230976016802, -1.577747679845643e-08, 0.35138521164044534, 75.5773264646396], [0.0, 0.0, 0.0, 1.0]], [[0.1744600662422127, -0.881911863442621, 0.4379442187611112, -10.564681152930994], [0.32637618236508625, 0.4714143301570244, 0.819296726271606, -19.7646281779571], [-0.929000688612021, -1.5922796950349425e-08, 0.37007800215881215, 76.28941047667979], [0.0, 0.0, 0.0, 1.0]], [[0.18320203538601337, -0.881911863358208, 0.43435983689327085, -11.287621591285207], [0.3427304718103007, 0.4714143303149423, 0.8125911406564104, -21.117089759822264], [-0.9213972239746997, -1.6064556898282056e-08, 0.3886221332775007, 76.97911414101443], [0.0, 0.0, 0.0, 1.0]], [[0.19187041273643687, -0.8819118632724726, 0.4306009737714178, -12.016597883540742], [0.3589470872887168, 0.47141433047533404, 0.8055591392322422, -22.480843087907147], [-0.9134236363973977, -1.6202699643915958e-08, 0.4070101558658317, 77.64816343958621], [0.0, 0.0, 0.0, 1.0]], [[0.20046171622817363, -0.8819118631854496, 0.4266691393213837, -12.751317201760362], [0.3750195146268153, 0.4714143306381353, 0.7982035467363303, -23.855340345940917], [-0.9050831288501259, -1.6337169790665105e-08, 0.4252346835015286, 78.29861560154178], [0.0, 0.0, 0.0, 1.0]], [[0.2089724947562888, -0.8819118630971732, 0.4225659129511461, -13.4914844110478], [0.3909412975710883, 0.47141433080328043, 0.7905273178916205, -25.240029401843174], [-0.8963790516937206, -1.646791325884188e-08, 0.4432883954378244, 78.93286068410106], [0.0, 0.0, 0.0, 1.0]], [[0.21739932956252236, -0.8819118630076795, 0.4182929429163846, -14.236802188102708], [0.4067060403815017, 0.47141433097070345, 0.7825335362198707, -26.634354029514064], [-0.8873149013340135, -1.6594877603374164e-08, 0.461164039544188, 79.55360599130427], [0.0, 0.0, 0.0, 1.0]], [[0.22573883560859534, -0.8819118629170044, 0.4138519456583805, -14.98697114065463], [0.4223074104006463, 0.4714143311403368, 0.7742254128030085, -28.03775413226882], [-0.8778943188173334, -1.6718011668011735e-08, 0.4788544352194862, 80.16383901920646], [0.0, 0.0, 0.0, 1.0]], [[0.23398766293597148, -0.881911862825184, 0.4092447051145268, -15.74168992772817], [0.43773914059755104, 0.4714143313121124, 0.7656062849932471, -29.449665967827258], [-0.8681210883679065, -1.6837266178760863e-08, 0.49635247627641266, 80.76676494199312], [0.0, 0.0, 0.0, 1.0]], [[0.2421424980115269, -0.8819118627322553, 0.4044730720017248, -16.50065538069089], [0.4529950320851337, 0.4714143314859613, 0.7566796150724799, -30.869522374767612], [-0.8579991358677449, -1.695259314701208e-08, 0.5136511337960266, 81.36571542312184], [0.0, 0.0, 0.0, 1.0]], [[0.25020006505858833, -0.8819118626382557, 0.399538963072956, -17.26356262503537], [0.46806895661027764, 0.4714143316618137, 0.7474489888614898, -32.29675300035384], [-0.8475325272796275, -1.7063946273008863e-08, 0.5307434589512505, 81.964026803489], [0.0, 0.0, 0.0, 1.0]], [[0.258157127372804, -0.8819118625432231, 0.3944443603473273, -18.030105202846542], [0.482954859015536, 0.47141433183959897, 0.7379181142795352, -33.730784529644815], [-0.836725467013815, -1.7171280838042598e-08, 0.5476225857981976, 82.56488750117751], [0.0, 0.0, 0.0, 1.0]], [[0.2660104886223196, -0.8819118624471953, 0.38919131031389875, -18.799975195905052], [0.4976467596714729, 0.4714143320192455, 0.728090819854887, -35.17104091579365], [-0.8255822962391473, -1.7274553651390932e-08, 0.5642817340342028, 83.17115672025234], [0.0, 0.0, 0.0, 1.0]], [[0.27375699413173715, -0.8819118623502112, 0.3837819231096141, -19.572863349377258], [0.5121387568786661, 0.4714143322006814, 0.7179710531869191, -36.616943611444086], [-0.8141074911392078, -1.737372307983449e-08, 0.5807142117214548, 83.78515921481548], [0.0, 0.0, 0.0, 1.0]], [[0.2813935321493395, -0.8819118622523097, 0.3782183716716643, -20.34845919604206], [0.5264250292384036, 0.4714143323838336, 0.7075628793603675, -38.06791180113164], [-0.8023056611142517, -1.74687496284471e-08, 0.5969134179751293, 84.40846373008004], [0.0, 0.0, 0.0, 1.0]], [[0.2889170350970737, -0.8819118621535298, 0.372502890864624, -21.12645118100485], [0.5404998379911261, 0.4714143325686285, 0.6968704793123964, -39.52336263459561], [-0.7901815469296216, -1.7559594908113055e-08, 0.6128728456149485, 85.0416556238728], [0.0, 0.0, 0.0, 1.0]], [[0.2963244808027891, -0.8819118620539118, 0.36663777658271174, -21.90652678684832], [0.5543575293216716, 0.47141433275499206, 0.6858981481531258, -40.98271146090862], [-0.7777400188113937, -1.7646222658462713e-08, 0.6285860837790983, 85.68411678863116], [0.0, 0.0, 0.0, 1.0]], [[0.30361289371423666, -0.8819118619534952, 0.36062538482753576, -22.68837265916993], [0.5679925366303985, 0.47141433294284935, 0.6746502934402965, -42.4453720633294], [-0.7649860744900199, -1.77285976691276e-08, 0.6440468204994565, 86.33382804431578], [0.0, 0.0, 0.0, 1.0]], [[0.3107793460943397, -0.8819118618523206, 0.3544681307616934, -23.471674732455508], [0.5813993827692753, 0.4714143331321248, 0.6631314334087661, -43.91075689478458], [-0.7519248371927536, -1.7806687306296472e-08, 0.6592488452370934, 86.98721035343848], [0.0, 0.0, 0.0, 1.0]], [[0.3178209591972599, -0.8819118617504283, 0.3481684877386068, -24.256118356238677], [0.5945726822420361, 0.47141433332274235, 0.651346195155544, -45.37827731388489], [-0.73856155358566, -1.7880459805828007e-08, 0.6741860513770298, 87.63902124955993], [0.0, 0.0, 0.0, 1.0]], [[0.3247349044247813, -0.8819118616478596, 0.3417289863089831, -25.04138842149508], [0.6075071433675221, 0.4714143335146257, 0.6392993127811005, -46.847343821380804], [-0.7249015916660461, -1.7949885799781292e-08, 0.6888524386812493, 88.28232156804363], [0.0, 0.0, 0.0, 1.0]], [[0.33151840446255143, -0.8819118615446557, 0.33515221320429794, -25.827169487220928], [0.6201975704053357, 0.47141433370769753, 0.6269956254876883, -48.31736629696306], [-0.7109504386061479, -1.801493733394559e-08, 0.7032421156989783, 88.90852482420279], [0.0, 0.0, 0.0, 1.0]], [[0.33816873439572137, -0.881911861440858, 0.3284408102977131, -26.613145907144798], [0.6326388656429563, 0.47141433390188037, 0.614440075635448, -49.78775423631241], [-0.6967136985489477, -1.807558840341538e-08, 0.7173493021332672, 89.50753743252186], [0.0, 0.0, 0.0, 1.0]], [[0.3446832228035374, -0.8819118613365079, 0.32159747354284157, -27.39900195652203], [0.6448260314434796, 0.471414334097096, 0.6016377067570745, -51.257916988303755], [-0.6821970903570033, -1.813181424814626e-08, 0.7311683311629208, 90.06799258251395], [0.0, 0.0, 0.0, 1.0]], [[0.3510592528324435, -0.8819118612316476, 0.3146249518907909, -28.184421958960446], [0.656754172253154, 0.4714143342932665, 0.5885936615318439, -52.72726399226913], [-0.6674064453151979, -1.8183592608774995e-08, 0.7446936517188463, 90.57757431157765], [0.0, 0.0, 0.0, 1.0]], [[0.3572942632472652, -0.8819118611263193, 0.30752604618591517, -28.969090413226883], [0.668418496567914, 0.4714143344903126, 0.5753131797198094, -54.19520501522456], [-0.6523477047883239, -1.8230902666408817e-08, 0.7579198307139041, 91.02342160375557], [0.0, 0.0, 0.0, 1.0]], [[0.36338574946005114, -0.881911861020565, 0.30030360804072403, -29.752692119983134], [0.6798143188581136, 0.47141433468815536, 0.5618015960570056, -55.66115038896505], [-0.6370269178344546, -1.827372539900978e-08, 0.7708415552253643, 91.39259575239087], [0.0, 0.0, 0.0, 1.0]], [[0.36933126453615966, -0.8819118609144274, 0.29296053869039645, -30.534912308400802], [0.6909370614506932, 0.4714143348867152, 0.5480643381124971, -57.12451124693288], [-0.6214502387750519, -1.831204342970593e-08, 0.7834536346290949, 91.67258835652292], [0.0, 0.0, 0.0, 1.0]], [[0.3751284201771869, -0.8819118608079489, 0.2854997878273624, -31.315436762603927], [0.7017822563680187, 0.47141433508591246, 0.5341069241081378, -58.5846997607638], [-0.6056239247227899, -1.8345841606109275e-08, 0.7957510026846225, 91.8518427617138], [0.0, 0.0, 0.0, 1.0]], [[0.3807748876803392, -0.8819118607011729, 0.2779243524164185, -32.09395194788868], [0.7123455471226564, 0.4714143352856671, 0.5199349607019161, -60.04112937641614], [-0.5895543330680909, -1.8375106185534422e-08, 0.8077287195702285, 91.92025901112982], [0.0, 0.0, 0.0, 1.0]], [[0.3862683988738679, -0.8819118605941417, 0.2702372754908548, -32.87014513666949], [0.7226226904673639, 0.47141433548589895, 0.505554140735773, -61.49321504978824], [-0.573247918925375, -1.839982547630371e-08, 0.8193819738672623, 91.86965180557709], [0.0, 0.0, 0.0, 1.0]], [[0.39160674702818776, -0.8819118604868985, 0.26244164493007577, -33.64370453410096], [0.7326095580995912, 0.4714143356865275, 0.49097024094880265, -62.94037348172903], [-0.5567112325400585, -1.8419989643028723e-08, 0.8307060844928763, 91.69413275490179], [0.0, 0.0, 0.0, 1.0]], [[0.39678778774231493, -0.8819118603794862, 0.25454059221920794, -34.41431940332498], [0.7423021383198091, 0.47141433588747195, 0.47618911965675137, -64.38202335234789], [-0.539950916657337, -1.8435590438430724e-08, 0.8416965025804054, 91.390392291163], [0.0, 0.0, 0.0, 1.0]], [[0.40180943980526784, -0.8819118602719482, 0.24653729119118906, -35.18168019029302], [0.7516965376429999, 0.47141433608865196, 0.461216714398746, -65.81758555452939], [-0.5229737038538104, -1.8446621632671627e-08, 0.8523488133066355, 90.95786273482622], [0.0, 0.0, 0.0, 1.0]], [[0.40666968603208314, -0.8819118601643274, 0.2384349567518478, -35.94547864811318], [0.7607889823626596, 0.47141433628998636, 0.4460590395522, -67.24648342655917], [-0.5057864138330244, -1.845307889996059e-08, 0.8626587376652254, 90.39875168313363], [0.0, 0.0, 0.0, 1.0]], [[0.4113665740741154, -0.8819118600566674, 0.23023684358848479, -36.70540796087219], [0.7695758200666869, 0.47141433649139464, 0.4307221839168531, -68.66814298376745], [-0.48839595068601327, -1.8454959475484743e-08, 0.8726221341855752, 89.71794348943051], [0.0, 0.0, 0.0, 1.0]], [[0.4158982172032893, -0.8819118599490112, 0.22194624486247166, -37.46116286688259], [0.778053521104547, 0.4714143366927956, 0.41521230826891553, -70.08199314909729], [-0.4708093001179429, -1.8452262640242026e-08, 0.8822350005964422, 88.92277539264488], [0.0, 0.0, 0.0, 1.0]], [[0.420262795069994, -0.8819118598414021, 0.21356649088639804, -38.21243978130555], [0.786218680005124, 0.47141433689410844, 0.3995356428863005, -71.4874659825047], [-0.45303352664197194, -1.844498960181692e-08, 0.8914934754336444, 88.02270308653814], [0.0, 0.0, 0.0, 1.0]], [[0.42445855443431335, -0.8819118597338831, 0.20510094778629195, -38.95893691810021], [0.79406801684469, 0.4714143370952523, 0.3836984850459363, -72.88399690909884], [-0.4350757707414529, -1.8433143127356366e-08, 0.9003938395912011, 87.02887749621416], [0.0, 0.0, 0.0, 1.0]], [[0.4284838098702976, -0.881911859626498, 0.19655301614945625, -39.700354411250274], [0.8015983785644425, 0.47141433729614635, 0.3677071964941669, -74.27102494593024], [-0.4169432460016201, -1.841672812446513e-08, 0.9089325178152879, 85.95365969139563], [0.0, 0.0, 0.0, 1.0]], [[0.43233694444299475, -0.8819118595192893, 0.1879261296584611, -40.43639443521954], [0.8088067402370791, 0.4714143374967101, 0.3515682008912535, -75.64799292733632], [-0.39864323621190856, -1.8395751069229182e-08, 0.917106080140407, 84.8101038333528], [0.0, 0.0, 0.0, 1.0]], [[0.43601641035796906, -0.8819118594123002, 0.17922375371184243, -41.16676132458753], [0.8156902062819044, 0.47141433769686253, 0.33528798123100817, -77.0143477287533], [-0.38018309244007636, -1.8370220442687032e-08, 0.9249112432671959, 83.61143866403722], [0.0, 0.0, 0.0, 1.0]], [[0.43952072958304694, -0.8819118593055741, 0.17044938403206003, -41.8911616928177], [0.8222460116279768, 0.47141433789652376, 0.3188730772365895, -78.36954048890509], [-0.36157023007929756, -1.8340146456076616e-08, 0.9323448718813213, 82.3705763663392], [0.0, 0.0, 0.0, 1.0]], [[0.4428484944420374, -0.8819118591991533, 0.16160654526127444, -42.609304550109925], [0.8284715228248302, 0.47141433809561306, 0.3023300827335134, -79.71302683027939], [-0.34281212586941767, -1.8305541328257006e-08, 0.9394039799129249, 81.09967392579459], [0.0, 0.0, 0.0, 1.0]], [[0.44599836818019367, -0.8819118590930811, 0.15269878954550747, -43.32090142029048], [0.8343642391003254, 0.47141433829405094, 0.2856656430009306, -81.04426707780279], [-0.32391631489356754, -1.826641878385077e-08, 0.9460857317361226, 79.80976684719309], [0.0, 0.0, 0.0, 1.0]], [[0.4489690855011827, -0.8819118589873995, 0.14372969510775416, -44.02566645669212], [0.839921793365203, 0.4714143384917574, 0.26888645210223333, -82.36272647562683], [-0.3048903875513375, -1.8222794556376564e-08, 0.9523874433080664, 78.5104887778037], [0.0, 0.0, 0.0, 1.0]], [[0.45175945307535276, -0.8819118588821518, 0.13470286481061874, -44.723316556978034], [0.8451419531639384, 0.47141433868865334, 0.2519992501960678, -83.66787540193826], [-0.28574198650973404, -1.8174686411957705e-08, 0.9583065832471189, 77.2098838645701], [0.0, 0.0, 0.0, 1.0]], [[0.45436835001908954, -0.8819118587773793, 0.12562192470905503, -45.413571476863225], [0.8500226215715112, 0.47141433888465906, 0.23501082082882968, -84.9591895817065], [-0.2664788036331401, -1.8122113414179813e-08, 0.963840773849701, 75.91431211249058], [0.0, 0.0, 0.0, 1.0]], [[0.45679472834507406, -0.8819118586731246, 0.11649052259378873, -46.09615394268806], [0.8545618380357375, 0.47141433907969643, 0.21792798820973017, -86.2361502972838], [-0.24710857689351207, -1.806509664101741e-08, 0.9689877920454124, 74.628442130251], [0.0, 0.0, 0.0, 1.0]], [[0.4590376133832548, -0.8819118585694298, 0.10731232652600886, -46.770789762798316], [0.8587577791648171, 0.4714143392736869, 0.20075761446952897, -87.49824459677278], [-0.22763908726205606, -1.8003659191507142e-08, 0.9737455702900306, 73.35532084616877], [0.0, 0.0, 0.0, 1.0]], [[0.4610961041723711, -0.8819118584663359, 0.0980910233639172, -47.43720793768731], [0.8626087594597854, 0.47141433946655237, 0.18350659690403234, -88.74496550007788], [-0.20807815558363063, -1.793782572980605e-08, 0.9781121973960396, 72.09650630975747], [0.0, 0.0, 0.0, 1.0]], [[0.4629693738218673, -0.8819118583638851, 0.08883031728172648, -48.09514076885573], [0.8661132319915753, 0.4714143396582156, 0.16618186520346825, -89.97581220255805], [-0.1884336394351345, -1.7867622527400734e-08, 0.9820859193003494, 70.85224766854529], [0.0, 0.0, 0.0, 1.0]], [[0.4646566826911925, -0.8819118588766977, 0.07953392876942257, -48.744324687887556], [0.8692697798359964, 0.47141433869885174, 0.1487903767586527, -91.19028985274005], [-0.168713434869168, -2.1301595926087966e-09, 0.9856651447148208, 69.62169640557892], [0.0, 0.0, 0.0, 1.0]]]], ["pivot", [[[0.46465668269119254, -0.8819118588766978, 0.07953392876942256, -48.744324687887556], [0.8692697798359964, 0.47141433869885174, 0.14879037675865267, -91.19028985274005], [-0.168713434869168, -2.130159568775568e-09, 0.9856651447148208, 69.62169640557892], [0.0, 0.0, 0.0, 1.0]], [[0.4662376022488884, -0.8819118588567375, 0.06967048809280281, -49.40443518791439], [0.8722273304091198, 0.4714143387361932, 0.13033806241786924, -92.4252104900203], [-0.1477903523315862, -1.8659865829210028e-09, 0.9890187117676732, 68.32532485665128], [0.0, 0.0, 0.0, 1.0]], [[0.4676091709709761, -0.8819118588394204, 0.05977576384922614, -50.05448534878671], [0.8747932319063477, 0.4714143387685897, 0.11182722344758622, -93.641310459489], [-0.12680090870612745, -1.60097580160966e-09, 0.9919281878727195, 67.04324212519279], [0.0, 0.0, 0.0, 1.0]], [[0.4687707729932193, -0.8819118588247543, 0.049854198985439, -50.694183283820664], [0.8769663321820088, 0.4714143387960267, 0.0932661716177683, -94.83804370576652], [-0.10575452871024421, -1.3352460952586306e-09, 0.9943922666118045, 65.77256754606229], [0.0, 0.0, 0.0, 1.0]], [[0.4697218867310039, -0.8819118588127458, 0.039910248500210986, -51.32324175470729], [0.8787456554667374, 0.471414338818492, 0.07466324124504806, -96.01487286955394], [-0.08466066262705961, -1.0689168694265266e-09, 0.9964098415598929, 64.5099202623358], [0.0, 0.0, 0.0, 1.0]], [[0.4704620851135413, -0.8819118588034004, 0.029948377443943484, -51.94137830048885], [0.880130402805615, 0.47141433883597533, 0.056026785450436094, -97.17126952891894], [-0.0635287820619844, -8.021076607439647e-10, 0.9979800067818796, 63.251669204529804], [0.0, 0.0, 0.0, 1.0]], [[0.47099103577563195, -0.8819118587967218, 0.01997305891376463, -52.5483153643899], [0.881119952416919, 0.4714143388484688, 0.03736517240858789, -98.30671443656883], [-0.042368375689759916, -5.349383185090511e-10, 0.9991020572393726, 61.99414460851314], [0.0, 0.0, 0.0, 1.0]], [[0.4713085012069053, -0.8819118587927138, 0.009988772045011349, -53.14378041844633], [0.8817138599713168, 0.4714143388559671, 0.018686781590310994, -99.42069775300392], [-0.021188944993836428, -2.6752876056430113e-10, 0.999775489107273, 60.733806998155785], [0.0, 0.0, 0.0, 1.0]], [[0.47141433885846584, -0.8819118587913762, -8.905760158517545e-17, -53.727506085876385], [0.8819118587913759, 0.4714143388584659, 1.3338082344181279e-17, -100.5127192754464], [4.8086204024826266e-17, 8.731273668170004e-16, 1.0000000000000002, 59.46737323927401], [0.0, 0.0, 0.0, 1.0]]]], ["setGripper", 82.8063086747], ["fingerGait", [[[0.4714143388584659, -0.8819118587913762, -3.86229707394918e-17, -53.85970739058257], [0.8819118587913761, 0.4714143388584659, 3.2364863941793887e-18, -100.7600386552303], [7.663735594695393e-17, 8.344253422781268e-16, 1.0000000000000002, 61.10536173315476], [0.0, 0.0, 0.0, 1.0]], [[0.4714143388584659, -0.8819118587913762, -3.86229707394918e-17, -52.97576190442518], [0.8819118587913761, 0.4714143388584659, 3.2364863941793887e-18, -99.10642654656432], [7.663735594695393e-17, 8.344253422781268e-16, 1.0000000000000002, 66.5947537753148], [0.0, 0.0, 0.0, 1.0]], [[0.4714143388584659, -0.8819118587913762, -3.86229707394918e-17, -52.09181641826778], [0.8819118587913761, 0.4714143388584659, 3.2364863941793887e-18, -97.45281443789834], [7.663735594695393e-17, 8.344253422781268e-16, 1.0000000000000002, 72.08414581747483], [0.0, 0.0, 0.0, 1.0]], [[0.4714143388584659, -0.8819118587913762, -3.86229707394918e-17, -51.20787093211039], [0.8819118587913761, 0.4714143388584659, 3.2364863941793887e-18, -95.79920232923236], [7.663735594695393e-17, 8.344253422781268e-16, 1.0000000000000002, 77.57353785963487], [0.0, 0.0, 0.0, 1.0]], [[0.4714143388584659, -0.8819118587913762, -3.86229707394918e-17, -50.323925445952995], [0.8819118587913761, 0.4714143388584659, 3.2364863941793887e-18, -94.14559022056638], [7.663735594695393e-17, 8.344253422781268e-16, 1.0000000000000002, 83.0629299017949], [0.0, 0.0, 0.0, 1.0]], [[0.4714143388584659, -0.8819118587913762, -3.86229707394918e-17, -49.4399799597956], [0.8819118587913761, 0.4714143388584659, 3.2364863941793887e-18, -92.49197811190038], [7.663735594695393e-17, 8.344253422781268e-16, 1.0000000000000002, 88.55232194395494], [0.0, 0.0, 0.0, 1.0]]]], ["closeGripper", 0], ["pivot", [[[0.47141433885846584, -0.8819118587913762, -3.8622970739491797e-17, -49.43997995979559], [0.8819118587913761, 0.4714143388584659, 3.2364863941793887e-18, -92.49197811190037], [7.663735594695388e-17, 8.344253422781267e-16, 1.0000000000000002, 88.55232194395494], [0.0, 0.0, 0.0, 1.0]], [[0.4713188518766398, -0.8819118486827299, -0.009488760455825824, -50.26717925400494], [0.8817331749876711, 0.47141435776949847, -0.017751534198265605, -94.03950036165537], [0.020128426578277295, 7.783396479525468e-08, 0.9997974027032549, 89.04617240641153], [0.0, 0.0, 0.0, 1.0]], [[0.47103239042206385, -0.8819118393146786, -0.018973676511772966, -51.09889702290796], [0.8811972169320597, 0.4714143752950272, -0.035495875359944626, -95.59547567262712], [0.04024869722692779, 1.5608377818148578e-07, 0.9991896929043488, 89.50460282544645], [0.0, 0.0, 0.0, 1.0]], [[0.4705550705673708, -0.8819118306910189, -0.02845090493113589, -51.934796258961406], [0.8803042017918484, 0.4714143914279509, -0.05322583357393331, -97.15927357203203], [0.06035265932106517, 2.3471773458927488e-07, 0.9981771168440061, 89.92742744753241], [0.0, 0.0, 0.0, 1.0]], [[0.46988708571998516, -0.8819118228152447, -0.03791660559219778, -52.77453826031411], [0.8790544914119439, 0.4714144061617325, -0.0709342247570205, -98.7302604174159], [0.08043216684394112, 3.1370397195916435e-07, 0.9967600848125729, 90.31447494641856], [0.0, 0.0, 0.0, 1.0]], [[0.4690287065437554, -0.8819118156905471, -0.04736694304422718, -53.6177827680472], [0.8774485921682355, 0.471414419490402, -0.08861387356483943, -100.30779965340258], [0.10047908368766743, 3.930104855124522e-07, 0.9949391709837664, 90.66558849255091], [0.0, 0.0, 0.0, 1.0]], [[0.4679802808492831, -0.8819118093198133, -0.056798088061581875, -54.464188104045164], [0.8754871547624146, 0.47141443140855877, -0.10625761629927832, -101.89125206962262], [0.12048528694992289, 4.726051406680979e-07, 0.9927151131820254, 90.98062581661887], [0.0, 0.0, 0.0, 1.0]], [[0.4667422334529914, -0.8819118037056244, -0.06620621919529036, -55.31341130944193], [0.8731709739583136, 0.4714144419113736, -0.12385830381117224, -103.4799760597179], [0.14044267022530926, 5.524556860920202e-07, 0.9900888125835472, 91.259459267202], [0.0, 0.0, 0.0, 1.0]], [[0.46531506600499145, -0.8819117988502554, -0.07558752432148245, -56.165108283586015], [0.8705009882598711, 0.47141445099459056, -0.14140880439709969, -105.0733278813171], [0.1603431468900232, 6.325297667782185e-07, 0.9870613333511344, 91.5019758624936], [0.0, 0.0, 0.0, 1.0]], [[0.4636993567858175, -0.8819117947556736, -0.08493820218604112, -57.018933923468225], [0.8674782795308578, 0.4714144586545295, -0.15890200668911003, -106.67066191687657], [0.1801786533785123, 7.127949371283874e-07, 0.9836339022030044, 91.70807733608045], [0.0, 0.0, 0.0, 1.0]], [[0.4618957604721097, -0.8819117914235383, -0.09425446394485014, -57.874542263555455], [0.8641040725565079, 0.4714144648880866, -0.1763308225362119, -108.2713309352811], [0.19994115245078817, 7.932186741522641e-07, 0.9798079079157282, 91.87768017675975], [0.0, 0.0, 0.0, 1.0]], [[0.4599050078713431, -0.8819117888551994, -0.10353253469901333, -58.731586615974194], [0.8603797345472449, 0.471414469692736, -0.19368818987645306, -109.87468635409847], [0.219622636449073, 8.737683906354348e-07, 0.9755849007615053, 92.01071566237742], [0.0, 0.0, 0.0, 1.0]], [[0.4577279056257087, -0.8819117870516976, -0.11276865502442307, -59.58971971098643], [0.8563067745846943, 0.4714144730665308, -0.21096707559842992, -111.48007850238155], [0.23921513054245871, 9.544114481617307e-07, 0.970966591880003, 92.10712988767392], [0.0, 0.0, 0.0, 1.0]], [[0.45536546403583544, -0.8819118545149701, -0.12195810881919533, -60.44850594848738], [0.8518867745117279, 0.47141434685898914, -0.22816099885725438, -113.08690386390944], [0.25871069595852747, -6.893636121247905e-08, 0.9659548525880173, 92.16688378642928], [0.0, 0.0, 0.0, 1.0]]]]]