[["init", [[[-7.340648573284634e-05, -0.9943511527839087, -0.10614048603585295, 5.757180927246182], [0.0006876894382832732, -0.10614051084653686, 0.9943508657100607, -132.01247696492993], [-0.9999997573787779, 7.115076266876741e-10, 0.0006915960828881573, 44.66433006183617], [0.0, 0.0, 0.0, 1.0]]]], ["setGripper", 29.8890930453], ["fingerGait", [[[-7.340648573284635e-05, -0.9943511527839085, -0.10614048603585292, 5.75718092724618], [0.0006876894382832734, -0.10614051084653685, 0.9943508657100607, -132.01247696492993], [-0.9999997573787779, 7.115076197583596e-10, 0.0006915960828881565, 44.66433006183617], [0.0, 0.0, 0.0, 1.0]], [[-0.004042074594124377, -0.994351152789825, -0.10606351769410845, 5.863476194668536], [0.037867172818970035, -0.10614051079110882, 0.9936298074683424, -133.4607582702564], [-0.9992746028140553, 8.465133347671409e-10, 0.038082295539638336, 44.384599312941695], [0.0, 0.0, 0.0, 1.0]], [[-0.008005089494169493, -0.9943511527952015, -0.10583820994409683, 5.9697714620908915], [0.0749936955406317, -0.10614051074073907, 0.9915190682517045, -134.90903957558288], [-0.997151872518065, 9.835089342963528e-10, 0.07541973346858896, 44.10486856404722], [0.0, 0.0, 0.0, 1.0]], [[-0.011956908551810091, -0.9943511528000305, -0.1054648778990438, 6.076066729513247], [0.11201533281002722, -0.10614051069549803, 0.9880216001194669, -136.35732088090936], [-0.9936345353207334, 1.1223028176341858e-09, 0.11265169009254339, 43.82513781515275], [0.0, 0.0, 0.0, 1.0]], [[-0.015892004791384258, -0.9943511528043053, -0.10494404369751308, 6.182361996935603], [0.14888030652568798, -0.10614051065544898, 0.9831422945965105, -137.80560218623583], [-0.9887275105356225, 1.2627008690066021e-09, 0.14972609315943122, 43.54540706625828], [0.0, 0.0, 0.0, 1.0]], [[-0.01980487462560063, -0.9943511528080199, -0.10427643577314845, 6.288657264357958], [0.18553705769426648, -0.10614051062064794, 0.976887975832038, -139.2538834915623], [-0.9824376610798253, 1.404506729065768e-09, 0.1865910907700532, 43.265676317363805], [0.0, 0.0, 0.0, 1.0]], [[-0.02369004555280199, -0.9943511528111693, -0.10346298783589358, 6.394952531780314], [0.22193431854044243, -0.10614051059114357, 0.9692673910553861, -140.70216479688878], [-0.9747737838755575, 1.547522069516326e-09, 0.22319512389764254, 42.98594556846933], [0.0, 0.0, 0.0, 1.0]], [[-0.027542083810752828, -0.9943511528137488, -0.10250483756611437, 6.50124779920267], [0.25802118420953424, -0.10614051056697714, 0.9602911983422345, -142.15044610221526], [-0.9657465975468665, 1.6915468704954174e-09, 0.25948699849781787, 42.70621481957486], [0.0, 0.0, 0.0, 1.0]], [[-0.03135560197624627, -0.9943511528157549, -0.10140332502345023, 6.607543066625025], [0.29374718396253324, -0.10614051054818244, 0.9499719517083263, -143.59872740754173], [-0.9553687274286696, 1.8363797003185164e-09, 0.2954159571080753, 42.42648407068039], [0.0, 0.0, 0.0, 1.0]], [[-0.03512526649990177, -0.9943511528171849, -0.10015999077261982, 6.713838334047381], [0.32906235176398785, -0.10614051053478576, 0.9383240835515425, -145.0470087128682], [-0.9436546879090826, 1.981817997199822e-09, 0.33093174983668133, 42.146753321785916], [0.0, 0.0, 0.0, 1.0]], [[-0.03884580516561532, -0.9943511528180365, -0.09877657372880212, 6.8201336014697365], [0.36391729616401436, -0.10614051052680584, 0.9253638844668921, -146.49529001819468], [-0.9306208621297377, 2.1276583525531996e-09, 0.3659847046416823, 41.86702257289144], [0.0, 0.0, 0.0, 1.0]], [[-0.04251201446422958, -0.9943511528183089, -0.09725500872560665, 6.926428868892092], [0.39826326937669787, -0.10614051052425386, 0.9111094804626434, -147.94357132352116], [-0.916285479072482, 2.2736967954774503e-09, 0.4005257968017386, 41.58729182399697], [0.0, 0.0, 0.0, 1.0]], [[-0.046118766871111105, -0.9943511528180013, -0.095597423809034, 7.032724136314448], [0.43205223545827115, -0.10614051052713334, 0.8955808076094661, -149.39185262884763], [-0.9006685880645005, 2.4197290780280274e-09, 0.43450671748162273, 41.3075610751025], [0.0, 0.0, 0.0, 1.0]], [[-0.04966101801745642, -0.9943511528171146, -0.09380613726121141, 7.139019403736803], [0.46523693748971784, -0.10614051053544031, 0.8787995841580365, -150.8401339341741], [-0.8837920307375217, 2.5655509608762215e-09, 0.4678799412964859, 41.027830326208026], [0.0, 0.0, 0.0, 1.0]], [[-0.05313381374529709, -0.9943511528156497, -0.09188365435806599, 7.245314671159159], [0.4977709636698394, -0.10614051054916313, 0.8607892801641036, -152.28841523950058], [-0.8656794104803249, 2.7109584989562993e-09, 0.5005987927803986, 40.74809957731355], [0.0, 0.0, 0.0, 1.0]], [[-0.056532297036336825, -0.9943511528136088, -0.08983266386547013, 7.351609938581515], [0.5296088122263486, -0.10614051056828258, 0.841575084663498, -153.73669654482705], [-0.8463560594272703, 2.855748326701087e-09, 0.5326175116662031, 40.46836882841908], [0.0, 0.0, 0.0, 1.0]], [[-0.059851714804930005, -0.9943511528109945, -0.0876560342787598, 7.45790520600387], [0.560705955054205, -0.10614051059277195, 0.8211838704429908, -155.18497785015353], [-0.8258490030290224, 2.999717942467072e-09, 0.5638913168853771, 40.18863807952461], [0.0, 0.0, 0.0, 1.0]], [[-0.06308742454570096, -0.9943511528078108, -0.08535680981088485, 7.564200473426226], [0.5910188999921892, -0.10614051062259698, 0.7996441564562766, -156.63325915548], [-0.8041869222550176, 3.1426659917512294e-09, 0.5943764691984006, 39.908907330630136], [0.0, 0.0, 0.0, 1.0]], [[-0.06623490082650682, -0.9943511528040619, -0.08293820613480245, 7.670495740848581], [0.6205052516506162, -0.10614051065771596, 0.7769860679376418, -158.08154046080648], [-0.7814001134805397, 3.2843925488034713e-09, 0.6240303323680304, 39.62917658173566], [0.0, 0.0, 0.0, 1.0]], [[-0.06928974161766285, -0.9943511527997533, -0.08040360588606814, 7.776791008270937], [0.6491237707051147, -0.10614051069807977, 0.7532412942691056, -159.52982176613295], [-0.7575204461145046, 3.4246993962408535e-09, 0.6528114327899265, 39.34944583284119], [0.0, 0.0, 0.0, 1.0]], [[-0.07224767444857831, -0.9943511527948907, -0.07775655393191473, 7.883086275693293], [0.6768344315735448, -0.10614051074363196, 0.7284430446599583, -160.97810307145943], [-0.7325813180272149, 3.563390302272478e-09, 0.6806795174972311, 39.06971508394672], [0.0, 0.0, 0.0, 1.0]], [[-0.07510456340867953, -0.9943511527839085, -0.07500074924615018, 7.989381543115649], [0.7035985001294386, -0.10614051084653685, 0.7026259605088064, -162.42638437678568], [-0.7066175713255599, 7.115076197583596e-10, 0.7075955994530457, 38.78998433505221], [0.0, 0.0, 0.0, 1.0]]]], ["closeGripper", 0], ["pivot", [[[-0.07510456340867953, -0.9943511527839085, -0.07500074924615016, 7.989381543115647], [0.7035985001294387, -0.10614051084653685, 0.7026259605088065, -162.42638437678568], [-0.7066175713255599, 7.115076059075464e-10, 0.7075955994530458, 38.78998433505221], [0.0, 0.0, 0.0, 1.0]], [[-0.07418926560461685, -0.9943516633358097, -0.07589957414431182, 7.937042603821035], [0.6893044322781188, -0.1061323221412984, 0.716655584387148, -161.60818540670104], [-0.720663090108487, 0.0008502379972574752, 0.6932848715682933, 42.83637225400365], [0.0, 0.0, 0.0, 1.0]], [[-0.07325613032335172, -0.9943532644437906, -0.07677986529689587, 7.879523364669016], [0.6747319435099448, -0.10610710675297681, 0.7303957708725028, -160.709111226995], [-0.7344183281412634, 0.001700139390525154, 0.6786948911779415, 46.86549142155232], [0.0, 0.0, 0.0, 1.0]], [[-0.07230553342848668, -0.9943559554629304, -0.07764126812572857, 7.8168469942064025], [0.6598869035720334, -0.1060648748382416, 0.743840985466181, -159.72952398157847], [-0.7478777448624885, 0.002549362554024869, 0.6638315350746703, 50.8757189226978], [0.0, 0.0, 0.0, 1.0]], [[-0.0713378578171007, -0.9943597353092966, -0.07848343566078643, 7.749038738254317], [0.6447752919941512, -0.1060056434079592, 0.7569858124831307, -158.6698182447414], [-0.7610359188665438, 0.0033975654236593398, 0.6487007901659338, 54.865439451936325], [0.0, 0.0, 0.0, 1.0]], [[-0.07035349326551953, -0.9943646024603795, -0.0793060286799544, 7.6761259097392704], [0.6294031956801822, -0.10592943632034094, 0.7698249572333568, -157.5304208622197], [-0.7738875500873148, 0.0042444063463021, 0.633308751062454, 58.83304596390012], [0.0, 0.0, 0.0, 1.0]], [[-0.0693528362723153, -0.9943705549557088, -0.08010871584566362, 7.59813787769162], [0.6137768064563445, -0.10583628427133318, 0.7823532481546049, -156.3117907792635], [-0.7864274619330407, 0.0050895442174141575, 0.6176616176233342, 62.77694032066967], [0.0, 0.0, 0.0, 1.0]], [[-0.06833628989859807, -0.9943775903976396, -0.08089117383835266, 7.515106055415807], [0.5979024185771431, -0.1057262247822529, 0.7945656388954463, -155.0144188557751], [-0.7986506033714253, 0.0059326386184396125, 0.6017656924587763, 66.69553393549793], [0.0, 0.0, 0.0, 1.0]], [[-0.06730426360566448, -0.994385705952321, -0.08165308748669982, 7.42706388783721], [0.5817864261900683, -0.10559930218467442, 0.8064572103479325, -153.63882766859285], [-0.8105520509641773, 0.006773349953925139, 0.5856273783914133, 70.58724841268763], [0.0, 0.0, 0.0, 1.0]], [[-0.06625717309006807, -0.9943948983508362, -0.08239414989457279, 7.334046838030631], [0.5654353207600541, -0.10545556760257274, 0.8180231726289929, -152.18557130099887], [-0.8221270108501514, 0.007611339588307831, 0.5692531758772732, 74.45051618336333], [0.0, 0.0, 0.0, 1.0]], [[-0.0651954401161781, -0.9944051638905194, -0.08311406256464554, 7.236092372935902], [0.5488556884547396, -0.10529507893173094, 0.8292588670097841, -150.65523511953614], [-0.8333708206763006, 0.008446269982316382, 0.5526496803874194, 78.28378113688277], [0.0, 0.0, 0.0, 1.0]], [[-0.06411949234629448, -0.9944164984364473, -0.08381253551863178, 7.133239948266328], [0.532054207491584, -0.10511790081641999, 0.8401597677922086, -149.0484355382249], [-0.8442789514756547, 0.009277804828930708, 0.5358235797513176, 82.08549924763263], [0.0, 0.0, 0.0, 1.0]], [[-0.06302976316838685, -0.9944288974231049, -0.0844892874140874, 7.025530992616076], [0.515037645447904, -0.10492410462336031, 0.8507214841318504, -147.36581977027356], [-0.8548470094915726, 0.010105609188845274, 0.5187816514630016, 85.85413919695677], [0.0, 0.0, 0.0, 1.0]], [[-0.06192669152152742, -0.9944423558562244, -0.08514404565773405, 6.913008890772874], [0.4978128565349175, -0.10471376841297546, 0.8609397618065923, -145.60806556738333], [-0.8650707379475314, 0.010929349625381425, 0.501530759951124, 89.58818298996579], [0.0, 0.0, 0.0, 1.0]], [[-0.06081072171908784, -0.9944568683147954, -0.08577654651525879, 6.795718966242762], [0.4803867788368911, -0.1044869769079496, 0.8708104849301994, -143.7758809467519], [-0.8749460187617419, 0.011748694338794519, 0.48407785381398566, 93.28612656698019], [0.0, 0.0, 0.0, 1.0]], [[-0.059669017673018535, -0.9944723747688751, -0.08639632940203902, 6.672575178277068], [0.4627672030974716, -0.10424630091254072, 0.8803289732410865, -141.87008134981863], [-0.8844683637697215, 0.012579649866307809, 0.46643044059468736, 96.94651774480796], [0.0, 0.0, 0.0, 1.0]]]], ["closeGripper", 0], ["pivot", [[[-0.05966901767301853, -0.9944723747688752, -0.08639632940203905, 6.672575178277067], [0.4627672030974716, -0.10424630091254074, 0.8803289732410865, -141.87008134981863], [-0.8844683637697215, 0.012579649866307819, 0.46643044059468725, 96.94651774480798], [0.0, 0.0, 0.0, 1.0]], [[-0.05827267482059423, -0.9944928365212523, -0.08711093530925998, 6.516927581016758], [0.44094819453162265, -0.10392656915782508, 0.8914952798425411, -139.4379592875519], [-0.8956378313092913, 0.013571077383742228, 0.444576868082865, 101.40716511169035], [0.0, 0.0, 0.0, 1.0]], [[-0.05685923284387397, -0.9945148472470201, -0.08779104629677723, 6.354329997848047], [0.41886199804782387, -0.10358263341651996, 0.9021225748773256, -136.89723796414745], [-0.9062669432377445, 0.014554336929862407, 0.4224550746410352, 105.80661008073369], [0.0, 0.0, 0.0, 1.0]], [[-0.05542954449878047, -0.9945383936666965, -0.08843625204093951, 6.184880526927312], [0.3965219386606195, -0.10321470119147722, 0.9122044467000033, -134.24945024419847], [-0.9163492868134777, 0.015528835285834909, 0.4000784067600511, 110.14219838467918], [0.0, 0.0, 0.0, 1.0]]]], ["closeGripper", 0], ["pivot", [[[-0.055429544498780466, -0.9945383936666966, -0.08843625204093951, 6.184880526927311], [0.39652193866061947, -0.10321470119147722, 0.9122044467000033, -134.24945024419844], [-0.9163492868134778, 0.0155288352858349, 0.40007840676005113, 110.14219838467918], [0.0, 0.0, 0.0, 1.0]], [[-0.05424898828876155, -0.9945587794584748, -0.08893763556764268, 6.041295811544793], [0.3780747743311981, -0.10289615638376028, 0.9200389777715959, -132.0058206589435], [-0.9241832037242352, 0.01631877963153031, 0.381600570589364, 113.64064858197602], [0.0, 0.0, 0.0, 1.0]], [[-0.053058621558026334, -0.9945801744087024, -0.0894152162303542, 5.893252557476703], [0.35947431252532064, -0.10256184264306743, 0.9275015694642428, -129.6925227299843], [-0.9316442818501383, 0.017102153759015717, 0.3629687876950091, 117.09323890930807], [0.0, 0.0, 0.0, 1.0]], [[-0.05185892452999008, -0.9946025698861268, -0.08986880136120877, 5.740810489037603], [0.34072805712986737, -0.10221189483983997, 0.9345892111836649, -127.31048969898758], [-0.9387295112075185, 0.017878641635770083, 0.34419057459956953, 120.49857650624367], [0.0, 0.0, 0.0, 1.0]], [[-0.05065038119214096, -0.9946259568558579, -0.09029820797273289, 5.584031105132694], [0.3218435708484624, -0.1018464541516872, 0.9412990435996874, -124.86068253706236], [-0.9454360334394072, 0.018647930007356407, 0.32527350689919704, 123.85528757527268], [0.0, 0.0, 0.0, 1.0]], [[-0.049433479100787624, -0.9946503258830125, -0.0907032628316664, 5.422977654447644], [0.3028284721504923, -0.1014656680064318, 0.9476283597997638, -122.34408955708028], [-0.9517611429686686, 0.019409708523796323, 0.30622521620742926, 127.16201793603051], [0.0, 0.0, 0.0, 1.0]], [[-0.04820870918436682, -0.9946756671365218, -0.09108380252884915, 5.257715109932481], [0.28369043219762674, -0.10106969002263383, 0.9535746063810112, -119.76172601496569], [-0.9577022880894946, 0.02016366986477304, 0.2870533870764083, 130.41743357160772], [0.0, 0.0, 0.0, 1.0]], [[-0.046976565545390835, -0.9947019703930972, -0.09143967354514441, 5.088310142589933], [0.26443717174908216, -0.10065867994761732, 0.9591353844803175, -117.11463370011653], [-0.9632570719968286, 0.0209095098636119, 0.2677657538967414, 133.62022116672594], [0.0, 0.0, 0.0, 1.0]], [[-0.04573754526111412, -0.9947292250413531, -0.09177073231337197, 4.914831094578648], [0.24507645804687547, -0.10023280359302393, 0.9643084507420998, -114.40388051512012], [-0.9684232537532934, 0.021646927629988745, 0.2483700977772567, 136.76908863756128], [0.0, 0.0, 0.0, 1.0]], [[-0.04449214818300018, -0.9947574200860894, -0.09207684527622706, 4.737347951642316], [0.22561610168232749, -0.09979223276792075, 0.969091718223332, -111.63056004493554], [-0.9731987491932428, 0.02237562567131657, 0.22887424340591112, 139.86276565300324], [0.0, 0.0, 0.0, 1.0]], [[-0.04324087673506906, -0.9947865441527272, -0.09235788894016042, 4.555932314875661], [0.2060639534450759, -0.09933714520948812, 0.9734832572354681, -108.79579111571378], [-0.9775816317635645, 0.02309531001276137, 0.20928605589311744, 142.90000414713765], [0.0, 0.0, 0.0, 1.0]], [[-0.041984235711207026, -0.9948165854918969, -0.09261374992519876, 4.370657371838796], [0.1864279011558733, -0.09886772451131608, 0.9774812961229269, -105.90071734343599], [-0.9815701333009004, 0.023805690315838866, 0.1896134375987643, 145.87957882274745], [0.0, 0.0, 0.0, 1.0]], [[-0.040722732071520266, -0.9948475319841781, -0.09284432501068507, 4.181597867031554], [0.16671586648444406, -0.09838416004933812, 0.9810842219778209, -102.9465066725501], [-0.9851626447449661, 0.024506479995544235, 0.16986432494420836, 148.80028764562775], [0.0, 0.0, 0.0, 1.0]], [[-0.03945687473781457, -0.9948793711449897, -0.0930495211769203, 3.9888300717396934], [0.14693580175368728, -0.09788664690543229, 0.9842905812906441, -99.93435090479343], [-0.9883577167876868, 0.02519739633596763, 0.1500466852105247, 151.66095232951636], [0.0, 0.0, 0.0, 1.0]], [[-0.03818717438828374, -0.9949120901296263, -0.09322925564268995, 3.7924317532651854], [0.12709568673151236, -0.0973753857887204, 0.9870990805366535, -96.8654652183902], [-0.9911540604578839, 0.02587816060434874, 0.13016851332430981, 154.46041881144356], [0.0, 0.0, 0.0, 1.0]], [[-0.03691414325148927, -0.9949456757384383, -0.09338345589865983, 3.5924821435529433], [0.10720352541160356, -0.0968505829545968, 0.9895085866977082, -93.74108767781847], [-0.9935505476412768, 0.026548498163524507, 0.11023782863232877, 157.19755771730968], [0.0, 0.0, 0.0, 1.0]], [[-0.035638294899714755, -0.99498011442216, -0.09351205973662839, 3.389061907226711], [0.0872673427844097, -0.09631245012152004, 0.9915181277193587, -90.56247873434441], [-0.995546211535594, 0.027208138582724542, 0.09026267166631345, 159.87126481750266], [0.0, 0.0, 0.0, 1.0]], [[-0.03436014404177806, -0.9950153922873735, -0.0936150152746229, 3.1822531090469495], [0.06729518159966626, -0.09576120438560032, 0.9931268929029962, -87.3309207175252], [-0.997140247040603, 0.027856815746669632, 0.07025110089921165, 162.48046147237147], [0.0, 0.0, 0.0, 1.0]], [[-0.03308020631538507, -0.9950514951021145, -0.09369228097782993, 2.972139180803877], [0.047295099121748584, -0.09519706813301755, 0.9943342332329089, -84.04771731788506], [-0.99833201108291, 0.028494267962929195, 0.050211189494200774, 165.02409506737627], [0.0, 0.0, 0.0, 1.0]], [[-0.031798998079108624, -0.9950884083016137, -0.09374382567535151, 2.7588048876590205], [0.027275163879173645, -0.09462026895030529, 0.995139661638112, -80.71419306097468], [-0.9991210228753894, 0.029120238067494506, 0.030151022047772903, 167.50113943773897], [0.0, 0.0, 0.0, 1.0]], [[-0.0305170362040767, -0.9951261169941719, -0.09376962857278032, 2.5423362939488507], [0.007243452409554808, -0.09403103953253655, 0.995542853188842, -77.33169277302446], [-0.9995069641111464, 0.02973447352852497, 0.010078691328209464, 169.91059528242346], [0.0, 0.0, 0.0, 1.0]], [[-0.029234837865453854, -0.9951646059671695, -0.09376967926058863, 2.3228207284643014], [-0.012791953998672079, -0.09342961758944911, 0.9955436452276435, -73.90158103840866], [-0.9994896790919297, 0.03033672654822586, -0.009997704989243617, 172.25149056727878], [0.0, 0.0, 0.0, 1.0]], [[-0.02795292033379988, -0.995203859693201, -0.09374397771832768, 2.1003467492201695], [-0.0328229725664426, -0.09281624574954733, 0.995142037434989, -70.42524164913797], [-0.9990691747909441, 0.030926754162815904, -0.03007006758917656, 174.5228809171814], [0.0, 0.0, 0.0, 1.0]], [[-0.026671800766390103, -0.9952438623363418, -0.09369253431463606, 1.8750041077286204], [-0.05284152228485451, -0.09219117146221982, 0.9943381918294063, -66.90407704660376], [-0.9982456208500375, 0.03150431834054506, -0.05013029878348182, 176.72384999701958], [0.0, 0.0, 0.0, 1.0]], [[-0.025391995998578585, -0.995284597758535, -0.09361536980305714, 1.646883712790789], [-0.07283952717524957, -0.09155464689791294, 0.9931324327021178, -63.339507755798245], [-0.9970193495112621, 0.03206918607772491, -0.07017030577816047, 178.8535098813658], [0.0, 0.0, 0.0, 1.0]]]], ["closeGripper", 0], ["pivot", [[[-0.025391995998578585, -0.9952845977585351, -0.09361536980305714, 1.6468837127907894], [-0.07283952717524952, -0.09155464689791294, 0.9931324327021178, -63.33950775579826], [-0.9970193495112623, 0.03206918607772492, -0.07017030577816061, 178.85350988136585], [0.0, 0.0, 0.0, 1.0]], [[-0.024015340049487112, -0.9953292826365582, -0.09350349740604809, 1.398127289847237], [-0.09435091164165188, -0.09085640882933639, 0.9913843342430594, -59.452483509864095], [-0.9952482635026062, 0.03266324417068337, -0.09172727795874726, 181.07044230837997], [0.0, 0.0, 0.0, 1.0]], [[-0.022641453720815385, -0.9953747779448143, -0.09336186299983092, 1.1463656630601755], [-0.11581901850502253, -0.0901455071200441, 0.9891711798468295, -55.518500475628315], [-0.9930112089882235, 0.033242024866531286, -0.11324130363120473, 183.20258212936585], [0.0, 0.0, 0.0, 1.0]], [[-0.02127098025622351, -0.9954210623827289, -0.09319053289661212, 0.8917167054056323], [-0.13723379655283155, -0.08942227460907996, 0.9864940056963264, -51.5394005155252], [-0.990309233340876, 0.03380525718432135, -0.13470231008414776, 185.24893109186368], [0.0, 0.0, 0.0, 1.0]]]], ["closeGripper", 0], ["pivot", [[[-0.021270980256223513, -0.9954210623827289, -0.09319053289661212, 0.8917167054056319], [-0.1372337965528315, -0.08942227460907996, 0.9864940056963265, -51.53940051552521], [-0.9903092333408758, 0.03380525718432134, -0.13470231008414768, 185.24893109186365], [0.0, 0.0, 0.0, 1.0]], [[-0.01994821618458949, -0.9954665969984752, -0.09299647514325192, 0.6425357073756164], [-0.15790307599195644, -0.08871075868783486, 0.9834616932699883, -47.64574193373444], [-0.987252065407522, 0.03433540797978671, -0.15541661316011762, 187.21101600167756], [0.0, 0.0, 0.0, 1.0]], [[-0.01862983161185962, -0.9955128307689215, -0.09277475198846423, 0.3907848346528371], [-0.17850392214914246, -0.08798831789785046, 0.9799970861320209, -43.71192694061726], [-0.9837617799304448, 0.034850509831261735, -0.17606273302116382, 189.09095393279105], [0.0, 0.0, 0.0, 1.0]], [[-0.017316404926209027, -0.995559743410861, -0.09252546070436034, 0.13657453280141318], [-0.199027297232184, -0.08725526918094997, 0.9761017042393788, -39.73968133919226], [-0.9798399081319369, 0.035350336758538506, -0.1966316120130656, 190.88792013809186], [0.0, 0.0, 0.0, 1.0]], [[-0.016008512340739404, -0.9956073143432599, -0.09224871065745881, -0.11998367363898055], [-0.2194641974361915, -0.0865119341327576, 0.9717772565341042, -35.73074779236074], [-0.9754881705754205, 0.03583466948266732, -0.21711422636792443, 192.60112627097308], [0.0, 0.0, 0.0, 1.0]], [[-0.014706727640688725, -0.9956555226962863, -0.0919446232607054, -0.3787772300800163], [-0.2398056568936493, -0.08575863886161153, 0.9670256401935978, -31.686885058383638], [-0.9707084764106206, 0.03630329552215665, -0.23750159016298045, 194.22982073118914], [0.0, 0.0, 0.0, 1.0]], [[-0.013411621931706018, -0.9957043473204656, -0.091613331920208, -0.6396926012635125], [-0.26004275160782764, -0.08499571384549685, 0.9618489397983084, -27.60986721929713], [-0.9655029225360013, 0.036756009286190716, -0.2577847592628234, 195.77328899458965], [0.0, 0.0, 0.0, 1.0]], [[-0.01212376338930176, -0.9957537667959582, -0.09125498197670992, -0.9026153210704608], [-0.28016660336782845, -0.08422349378706177, 0.9562494264172067, -23.501482902605417], [-0.959873792678836, 0.03719261216482425, -0.27795483524327247, 197.23085392658817], [0.0, 0.0, 0.0, 1.0]], [[-0.01084371700958376, -0.9958037594419584, -0.09086973064182773, -1.167430042738424], [-0.3001683836435418, -0.08344231746678024, 0.9502295566114459, -19.363534496592514], [-0.9538235563933151, 0.037612912616114574, -0.29800296929520137, 198.60187607922813], [0.0, 0.0, 0.0, 1.0]], [[-0.009572044361387816, -0.9958543033262043, -0.09045774692908079, -1.4340205894652873], [-0.32003931745881004, -0.08265252759432569, 0.9437919713566438, -15.19783735959684], [-0.9473548679771274, 0.038016726250152996, -0.3179203661065984, 199.88575397171454], [0.0, 0.0, 0.0, 1.0]], [[-0.008309303339915492, -0.9959053762746014, -0.0900192115797444, -1.7022700053764668], [-0.33977068724109366, -0.0818544706582205, 0.9369394948842615, -11.006219023595825], [-0.9404705653069942, 0.03840387590995481, -0.3376982877211543, 201.0819243542895], [0.0, 0.0, 0.0, 1.0]]]], ["closeGripper", 0], ["pivot", [[[-0.008309303339915492, -0.9959053762746013, -0.09001921157974438, -1.7022700053764668], [-0.33977068724109366, -0.0818544706582205, 0.9369394948842615, -11.006219023595811], [-0.9404705653069942, 0.038403875909954824, -0.3376982877211544, 201.08192435428953], [0.0, 0.0, 0.0, 1.0]], [[-0.007098671988416997, -0.9959551868324708, -0.08957062100785763, -1.962868072077185], [-0.3586878004576514, -0.08107613961514192, 0.9299298972674759, -6.934159328716284], [-0.9334295547171487, 0.03876182840711723, -0.35666042865106523, 202.21898431944538], [0.0, 0.0, 0.0, 1.0]], [[-0.005897385108264766, -0.9960054496593553, -0.08909762381964816, -2.2248818528184424], [-0.37745889860348797, -0.08029074149573587, 0.9225389261436857, -2.8399779344821425], [-0.9260065219904697, 0.039103930346917344, -0.3754765999039065, 203.27326813901124], [0.0, 0.0, 0.0, 1.0]], [[-0.00470593434630708, -0.9960561441843484, -0.08860041359716586, -2.488204114056249], [-0.39607629929116156, -0.07949859773738456, 0.914769606392059, 1.2746495465514514], [-0.9182045051278745, 0.03943004171838587, -0.3941391006453096, 204.2443443296122], [0.0, 0.0, 0.0, 1.0]], [[-0.003524807323795527, -0.9961072496598637, -0.08807919383205197, -2.7527270867289757], [-0.4145323830364983, -0.07870003253823636, 0.9066251177372998, 5.408039133924532], [-0.9100266972359101, 0.03974002905496239, -0.4126402929331459, 205.13181546199442], [0.0, 0.0, 0.0, 1.0]], [[-0.0023544874368177722, -0.9961587451701256, -0.08753417784225659, -3.0183425103636545], [-0.43281959637699474, -0.07789537272452221, 0.8981087934482914, 9.558499168469822], [-0.9014764452199177, 0.0400337654891188, -0.4309726048434825, 205.93531832367935], [0.0, 0.0, 0.0, 1.0]], [[-0.0011954536584596208, -0.9962106096397317, -0.08696558868473481, -3.284941677383402], [-0.4509304549631994, -0.07708494761679648, 0.8892241189739016, 13.724331004652583], [-0.8925572484142568, 0.040311130804281954, -0.4491285335695201, 206.65452406761457], [0.0, 0.0, 0.0, 1.0]], [[-4.818034277721163e-05, -0.9962628218422754, -0.0863736590641568, -3.552415477597815], [-0.4688575466218079, -0.07626908889515703, 0.8799747305165022, 17.903829705769873], [-0.8832727571501443, 0.040572011484034345, -0.467100648492242, 207.28913834676024], [0.0, 0.0, 0.0, 1.0]], [[0.0010868629693403457, -0.996315360409036, -0.08575863123766965, -3.820654442858154], [-0.4865935343892203, -0.07544813046349962, 0.8703644135437939, 22.095284741724495], [-0.8736267712616944, 0.04081630075857263, -0.4848815942215208, 207.83890143455528], [0.0, 0.0, 0.0, 1.0]], [[0.0022092117423384867, -0.996368203837721, -0.08512075691574943, -4.089548791859023], [-0.5041311595143168, -0.07462240831286196, 0.8603971012395389, 26.296980689088308], [-0.8636232385307725, 0.0410438986484049, -0.5024640936064343, 208.303588331215], [0.0, 0.0, 0.0, 1.0]], [[0.003318406636116148, -0.9964213305012699, -0.08446029715918449, -4.358988475068217], [-0.5214632444292218, -0.07379226038391389, 0.850076872893839, 30.507197933168012], [-0.8532662530712994, 0.04125471200526905, -0.5198409507135634, 208.683008855816], [0.0, 0.0, 0.0, 1.0]], [[0.00441399369401847, -0.9964747186567015, -0.08377752227223188, -4.628863219766334], [-0.5385826956868475, -0.07295802642864935, 0.8394079522336191, 34.72421337178642], [-0.8425600536536658, 0.04144865455025514, -0.5370050537720464, 208.97700772413071], [0.0, 0.0, 0.0, 1.0]], [[0.0054955245286261245, -0.9965283464540166, -0.08307271169199104, -4.899062575177748], [-0.5554825068640031, -0.07212004787133731, 0.8283947056939943, 38.94630112049087], [-0.8315090219699457, 0.04162564690911668, -0.5539493780841938, 209.18546461218057], [0.0, 0.0, 0.0, 1.0]], [[0.006562556505265479, -0.9965821919451379, -0.08234615387403912, -5.169475957674443], [-0.5721557614288939, -0.07127866766878804, 0.8170416406312344, 43.171733218900634], [-0.820117680840614, 0.041785616644755684, -0.5706669889004609, 209.30829420548008], [0.0, 0.0, 0.0, 1.0]], [[0.0076146529231673685, -0.9966362330928921, -0.08159814617437429, -5.43999269603496], [-0.5885956355718257, -0.07043423016999281, 0.8053534034780515, 47.39878033790355], [-0.8083906923635057, 0.041928498286872444, -0.5871510442576127, 209.34544623395345], [0.0, 0.0, 0.0, 1.0]]]], ["closeGripper", 0], ["pivot", [[[0.007614652923167368, -0.9966362330928918, -0.08159814617437429, -5.43999269603496], [-0.5885956355718258, -0.07043423016999281, 0.8053534034780516, 47.398780337903574], [-0.8083906923635057, 0.04192849828687244, -0.5871510442576127, 209.34544623395345], [0.0, 0.0, 0.0, 1.0]], [[0.0086827813686045, -0.9966921051116501, -0.08080518814879785, -5.718825054541867], [-0.6052860262046973, -0.06956118382536967, 0.7929627840332027, 51.75576589353929], [-0.7959596582728506, 0.042057800989201935, -0.6038867624209985, 209.39531188879195], [0.0, 0.0, 0.0, 1.0]], [[0.009734127083123528, -0.9967481371411269, -0.07999012061362733, -5.997663207921793], [-0.6217141729018393, -0.06868563717727867, 0.7802266852083998, 56.11284201892138], [-0.7831826744986533, 0.04216883823533284, -0.6203600118598899, 209.3541521806157], [0.0, 0.0, 0.0, 1.0]], [[0.010768233118604725, -0.9968043048280284, -0.07915329782300813, -6.276385964288819], [-0.6378729354707914, -0.06780797076600166, 0.7671506425152542, 60.46811499087625], [-0.7700652943224187, 0.04226156176496398, -0.636563632778748, 209.22198499873653], [0.0, 0.0, 0.0, 1.0]], [[0.01178465001983846, -0.9968605837601006, -0.07829508348660819, -6.554872181912218], [-0.6537552908019607, -0.0669285660531367, 0.7537403392157407, 64.81969186993791], [-0.7566132189727, 0.04233593127751492, -0.6524905825711212, 208.99886778719434], [0.0, 0.0, 0.0, 1.0]], [[0.012782936019872662, -0.9969169494767381, -0.07741585061153822, -6.8330008218684934], [-0.6693543359210874, -0.06604780525580276, 0.7400016038520729, 69.1656813230793], [-0.7428322951471652, 0.04239191444964191, -0.6681339388805857, 208.68489751979024], [0.0, 0.0, 0.0, 1.0]], [[0.013762657232018716, -0.9969733774796176, -0.07651598134023105, -7.11065100064871], [-0.6846632909894964, -0.06516607118051601, 0.7259404077134329, 73.50419444574548], [-0.7287285124714377, 0.04242948694928666, -0.6834869026094206, 208.2802106579389], [0.0, 0.0, 0.0, 1.0]], [[0.014723388672761926, -0.9970298431237551, -0.07559586723203801, -7.387702123612627], [-0.6996755329663725, -0.06428374920167809, 0.7115628961117405, 77.83334638599726], [-0.7143080071882076, 0.04244863282990553, -0.6985428041658671, 207.78498456002166], [0.0, 0.0, 0.0, 1.0]]]], ["setGripper", 30.4207888047], ["fingerGait", [[[0.014723388672761902, -0.9970298431237551, -0.07559586723203797, -7.387702123612625], [-0.6996755329663724, -0.06428374920167806, 0.7115628961117402, 77.83334638599726], [-0.7143080071882075, 0.042448632829905554, -0.698542804165867, 207.78498456002166], [0.0, 0.0, 0.0, 1.0]], [[0.01753909893539361, -0.997029872413857, -0.07499223239039818, -7.420099929446541], [-0.7257924404146355, -0.06428313605893053, 0.6849036565981567, 78.12677571568636], [-0.6876891601963345, 0.042448873582995775, -0.7247631177800264, 206.33587622287942], [0.0, 0.0, 0.0, 1.0]], [[0.02033026959756928, -0.9970299032341611, -0.0742837370554461, -7.452497735280456], [-0.750894265185667, -0.06428251441606848, 0.6572865188163791, 78.42020504537547], [-0.6601085202158496, 0.04244909123933077, -0.7499697867285228, 204.88676788573719], [0.0, 0.0, 0.0, 1.0]], [[0.0230929969664856, -0.9970299355415626, -0.07347137211898841, -7.484895541114372], [-0.7749459002134474, -0.06428188514251307, 0.6287501077145227, 78.71363437506457], [-0.6316046611495464, 0.0424492854944994, -0.7741275573117155, 203.43765954859495], [0.0, 0.0, 0.0, 1.0]], [[0.025823417129737024, -0.9970299692908767, -0.07255627374342434, -7.517293346948287], [-0.797913707212852, -0.0642812491183576, 0.5993343339236928, 79.00706370475368], [-0.6022174481017021, 0.04244945607681907, -0.7972026428047553, 201.98855121145272], [0.0, 0.0, 0.0, 1.0]], [[0.0285177113593304, -0.9970300044349022, -0.07153972177272451, -7.549691152782203], [-0.8197655637256926, -0.0642806072331367, 0.5690803379395273, 79.30049303444278], [-0.5719879816232931, 0.04244960274771569, -0.8191627707112322, 200.53944287431048], [0.0, 0.0, 0.0, 1.0]], [[0.03117211145250528, -0.997030040924487, -0.07042313794245889, -7.582088958616119], [-0.840470908046745, -0.06427996038458217, 0.5380304325836659, 79.59392236413188], [-0.540958540229331, 0.04244972530205737, -0.8399772278990436, 199.09033453716825], [0.0, 0.0, 0.0, 1.0]], [[0.03378290500189035, -0.9970300787085974, -0.06920808389137696, -7.614486764450034], [-0.8600007819669281, -0.06427930947736749, 0.5062280438256217, 79.88735169382099], [-0.5091725212687137, 0.042449823568441306, -0.8596169035553574, 197.641226200026], [0.0, 0.0, 0.0, 1.0]], [[0.036346440587625206, -0.997030117734389, -0.06789625897732135, -7.64688457028395], [-0.8783278712738559, -0.06427865542184252, 0.4737176500478188, 80.1807810235101], [-0.4766743802292923, 0.042449897409433474, -0.8780543299005934, 196.19211786288378], [0.0, 0.0, 0.0, 1.0]], [[0.03885913288418578, -0.9970301579472808, -0.06648949790052934, -7.6792823761178655], [-0.8954265439531186, -0.0642779991327603, 0.4405447198387399, 80.4742103531992], [-0.4435095685630384, 0.04244994672176089, -0.8952637206044814, 194.74300952574154], [0.0, 0.0, 0.0, 1.0]], [[0.04131746767477123, -0.9970301992910318, -0.06498976813764644, -7.711680181951781], [-0.9112728860368644, -0.06427734152799769, 0.40675564840118533, 80.7676396828883], [-0.4097244701182705, 0.042449971436456006, -0.9112210068504669, 193.2939011885993], [0.0, 0.0, 0.0, 1.0]], [[0.0437180067662391, -0.997030241707819, -0.06339916719004067, -7.744077987785697], [-0.925844735049545, -0.06427668352727164, 0.3723976926645823, 81.0610690125774], [-0.37536633626784277, 0.04244997151895319, -0.9259038709980261, 191.84479285145707], [0.0, 0.0, 0.0, 1.0]], [[0.04605739279771481, -0.9970302851383189, -0.06171991965026606, -7.776475793619612], [-0.9391217110040486, -0.06427602605085289, 0.3375189051920947, 81.35449834226651], [-0.34048321982402674, 0.042449946969137065, -0.9392917777958102, 190.39568451431484], [0.0, 0.0, 0.0, 1.0]], [[0.04833235393615032, -0.9970303295217904, -0.059954374090778195, -7.808873599453528], [-0.951085244904869, -0.0642753700182789, 0.3021680669749712, 81.64792767195561], [-0.30512390783251053, 0.04244989782134267, -0.9513660031019651, 188.9465761771726], [0.0, 0.0, 0.0, 1.0]], [[0.05053970845226467, -0.9970303747961592, -0.058104999779253146, -7.8412714052874435], [-0.9617186047184464, -0.06427471634706779, 0.266394619208123, 81.94135700164472], [-0.26933785333950955, 0.042449824144307424, -0.9621096600714575, 187.49746784003037], [0.0, 0.0, 0.0, 1.0]], [[0.052676369170466766, -0.9970304208981051, -0.05617438322510374, -7.873669211121359], [-0.9710069187743586, -0.06427406595143509, 0.23024859414235085, 82.23478633133382], [-0.23317510622741777, 0.04244972604107502, -0.971507722773784, 186.04835950288813], [0.0, 0.0, 0.0, 1.0]], [[0.054739347786536496, -0.9970304677631507, -0.054165224562023176, -7.906067016955275], [-0.9789371965646351, -0.06427341974101516, 0.19378054510992845, 82.52821566102293], [-0.19668624321573241, 0.04244960364885128, -0.9795470472080302, 184.5992511657459], [0.0, 0.0, 0.0, 1.0]], [[0.05672575904702588, -0.9970305153257513, -0.05208033377161526, -7.93846482278919], [-0.9854983469121011, -0.06427277861958901, 0.15704147582140926, 82.82164499071203], [-0.15992229712515132, 0.04244945713881229, -0.9862163896858889, 183.15014282860366], [0.0, 0.0, 0.0, 1.0]], [[0.058632824784534736, -0.9970305635193862, -0.04992262675339287, -7.970862628623106], [-0.9906811934823464, -0.0642721434838202, 0.12008276903254009, 83.11507432040113], [-0.12293468550377361, 0.04244928671586496, -0.9915064225569278, 181.70103449146143], [0.0, 0.0, 0.0, 1.0]], [[0.06045787780321731, -0.9970306122766528, -0.047695121246641124, -8.00326043445702], [-0.994478487617619, -0.06427151522200086, 0.08295611468104733, 83.40850365009024], [-0.08577513871522595, 0.04244909261836048, -0.9954097472541126, 180.2519261543192], [0.0, 0.0, 0.0, 1.0]], [[0.06219836560908559, -0.9970306615293596, -0.04540093260984881, -8.035658240290935], [-0.9968849184746987, -0.06427089471280932, 0.04571343759380279, 83.70193297977934], [-0.04849562758928908, 0.042448875117760944, -0.9979209046413412, 178.80281781717696], [0.0, 0.0, 0.0, 1.0]], [[0.06386536172476717, -0.9970298431237551, -0.043043344716665426, -8.068056046124847], [-0.9978962972005219, -0.06428374920167806, 0.008405660898337983, 83.99536230946838], [-0.01114768232231554, 0.042448632829905554, -0.9990364030375509, 177.35370948003464], [0.0, 0.0, 0.0, 1.0]]]], ["closeGripper", 0], ["pivot", [[[0.06386536172476717, -0.9970298431237552, -0.04304334471666543, -8.068056046124847], [-0.9978962972005218, -0.06428374920167806, 0.008405660898337984, 83.99536230946836], [-0.01114768232231554, 0.04244863282990556, -0.9990364030375511, 177.3537094800347], [0.0, 0.0, 0.0, 1.0]], [[0.06420733760980617, -0.9970298850803787, -0.04944231254385111, -6.944797311376428], [-0.9983310565405157, -0.06428379284921387, 0.0018064615966492106, 85.16115139328888], [-0.004981624624517052, 0.0424486346916848, -0.999203281829731, 177.32527973596893], [0.0, 0.0, 0.0, 1.0]]]]]