[["init", [[[0.0018209310421396603, 0.5603924883523629, -0.828225148863091, 118.98056311915138], [0.0012320781241256665, -0.82822715830302, -0.5603911478202156, 79.61920949356522], [-0.9999975596256974, 8.77260716729332e-09, -0.0021985888153919636, 42.520232108896124], [0.0, 0.0, 0.0, 1.0]]]], ["setGripper", 28.6048022912], ["fingerGait", [[[0.0018209310421396817, 0.5603924883523629, -0.8282251488630911, 118.98056311915138], [0.001232078124125681, -0.82822715830302, -0.5603911478202156, 79.61920949356522], [-0.9999975596256974, 8.77260727825007e-09, -0.002198588815391974, 42.520232108896124], [0.0, 0.0, 0.0, 1.0]], [[-0.038820342256342136, 0.560392488384184, -0.827316864321395, 119.16144734297595], [-0.02626649598456635, -0.8282271582814893, -0.5597765873954716, 79.75016153205387], [-0.9989008984952504, 9.608448636914771e-09, 0.046871612256362556, 42.2038876492211], [0.0, 0.0, 0.0, 1.0]], [[-0.07936809395642323, 0.5603924884499346, -0.8244155011591648, 119.34233156680051], [-0.05370179180922785, -0.8282271582370013, -0.5578134762065167, 79.88111357054251], [-0.9953977977844393, 1.044139797123132e-08, 0.09582889551705183, 41.88754318954608], [0.0, 0.0, 0.0, 1.0]], [[-0.1197246409798995, 0.5603924885494564, -0.8195280490138724, 119.52321579062507], [-0.08100771532404413, -0.8282271581696632, -0.5545065435598042, 80.01206560903115], [-0.9894966967690891, 1.1269448633443611e-08, 0.14455531859184859, 41.57119872987106], [0.0, 0.0, 0.0, 1.0]], [[-0.1597927608773464, 0.5603924886825097, -0.8126662821849575, 119.70410001444964], [-0.1081184841724036, -0.8282271580796371, -0.5498637561451457, 80.1430176475198], [-0.9812118117173728, 1.209060577712484e-08, 0.19293349526829331, 41.254854270196034], [0.0, 0.0, 0.0, 1.0]], [[-0.19947592604549788, 0.5603924888487739, -0.8038467312685115, 119.8849842382742], [-0.134968786142345, -0.82822715796714, -0.5438962988432583, 80.27396968600844], [-0.970563101641578, 1.2902891162936923e-08, 0.240846878289941, 40.93850981052101], [0.0, 0.0, 0.0, 1.0]], [[-0.2386785362706805, 0.5603924890478484, -0.7930906433336262, 120.06586846209876], [-0.16149393650938515, -0.8282271578324428, -0.5366185477804093, 80.40492172449709], [-0.9575762202151019, 1.3704347924381976e-08, 0.28818004012888965, 40.62216535084599], [0.0, 0.0, 0.0, 1.0]], [[-0.27730614903808465, 0.5603924892792537, -0.7804239307363477, 120.24675268592333], [-0.18763003386767435, -0.8282271576758701, -0.5280480356950716, 80.53587376298573], [-0.9422824539705097, 1.4493045282064768e-08, 0.3348189510607846, 40.30582089117097], [0.0, 0.0, 0.0, 1.0]], [[-0.31526570705203816, 0.5603924895424321, -0.7658771086945451, 120.42763690974789], [-0.2133141140740689, -0.8282271574977991, -0.5182054097000243, 80.66682580147437], [-0.9247186469275428, 1.5267083195109057e-08, 0.380651253872392, 39.989476431495945], [0.0, 0.0, 0.0, 1.0]], [[-0.3524657624191659, 0.5603924898367499, -0.7494852217740833, 120.60852113357245], [-0.23848430193425565, -0.8282271572986587, -0.5071143815416524, 80.79777783996302], [-0.9049271118326545, 1.6024596938522144e-08, 0.42556653453994725, 39.67313197182092], [0.0, 0.0, 0.0, 1.0]], [[-0.38881669695435855, 0.560392490161498, -0.7312877594634006, 120.78940535739702], [-0.2630799602655039, -0.8282271570789287, -0.49480167047627827, 80.92872987845166], [-0.8829555282239054, 1.6763761595480385e-08, 0.46945658822618924, 39.3567875121459], [0.0, 0.0, 0.0, 1.0]], [[-0.4242309380788143, 0.5603924905158939, -0.7113285610398796, 120.97028958122158], [-0.2870418359769389, -0.8282271568391385, -0.48129693890113645, 81.0596819169403], [-0.8588568275667883, 1.7482796453713333e-08, 0.5122156799552721, 39.04044305247088], [0.0, 0.0, 0.0, 1.0]], [[-0.4586231697900359, 0.5603924908990838, -0.6896557099571952, 121.15117380504614], [-0.3103122028154171, -0.8282271565798657, -0.4666327208950667, 81.19063395542895], [-0.8326890657377009, 1.8179969295395254e-08, 0.5537407993375641, 38.724098592795855], [0.0, 0.0, 0.0, 1.0]], [[-0.4919105381955386, 0.5603924913101447, -0.6663214180080719, 121.3320580288707], [-0.33283500043311626, -0.8282271563017348, -0.45084434384107364, 81.3215859939176], [-0.8045152831622648, 1.8853600570209292e-08, 0.5939319087306814, 38.40775413312083], [0.0, 0.0, 0.0, 1.0]], [[-0.5240128511151192, 0.5603924917480863, -0.6413818995415116, 121.51294225269527], [-0.3545559694418133, -0.8282271560054161, -0.4339698433195734, 81.45253803240624], [-0.7744033529454302, 1.9502067441530985e-08, 0.6326921842389118, 38.09140967344581], [0.0, 0.0, 0.0, 1.0]], [[-0.5548527712708283, 0.5603924922118536, -0.6148972360375125, 121.69382647651983], [-0.37542278212849367, -0.8282271556916233, -0.4160498714773555, 81.58349007089488], [-0.7424258173592321, 2.0123807695983554e-08, 0.6699282489704445, 37.77506521377079], [0.0, 0.0, 0.0, 1.0]], [[-0.5843560087885198, 0.5603924883523629, -0.5869312016050562, 121.87471070034437], [-0.3953851689431733, -0.82822715830302, -0.39712757959153505, 81.71444210938361], [-0.7086597277248916, 8.77260727825007e-09, 0.7055504022716275, 37.458720754095744], [0.0, 0.0, 0.0, 1.0]]]], ["closeGripper", 0], ["pivot", [[[-0.5843560087885198, 0.5603924883523628, -0.5869312016050562, 121.87471070034438], [-0.3953851689431734, -0.8282271583030199, -0.397127579591535, 81.71444210938361], [-0.7086597277248916, 8.77260733385989e-09, 0.7055504022716276, 37.45872075409575], [0.0, 0.0, 0.0, 1.0]], [[-0.5723238289295014, 0.5603928643214395, -0.5986695191131362, 121.21434563105157], [-0.38720527932134363, -0.8282269027043168, -0.405107690203945, 81.26550309194576], [-0.7228537148234236, -4.4782226327184085e-05, 0.6910010754384242, 41.24126611862923], [0.0, 0.0, 0.0, 1.0]], [[-0.5600555522199723, 0.5603939930911467, -0.6101608565431165, 120.4905373216028], [-0.3788648829677916, -0.8282261353258995, -0.4129198952665595, 80.77343318234514], [-0.7367490518607548, -8.955473216027657e-05, 0.6761662585963598, 45.00680013624956], [0.0, 0.0, 0.0, 1.0]], [[-0.5475562473502005, 0.5603958741951282, -0.6214004662004686, 119.70358481645391], [-0.37036742575244935, -0.828224856484813, -0.42056096713390534, 80.23843568134033], [-0.7503399979197789, -0.00013429024694205127, 0.661052080812584, 48.75376706069477], [0.0, 0.0, 0.0, 1.0]], [[-0.5348310784607138, 0.560398506856198, -0.6323837043930557, 118.85381324835174], [-0.3617164184356065, -0.8282230667094166, -0.4280277488649118, 79.66073162540543], [-0.7636209378438067, -0.00017897028800614522, 0.6456647865733981, 52.48061881677583], [0.0, 0.0, 0.0, 1.0]], [[-0.5218853030087118, 0.5604018899866611, -0.6431060333496922, 117.94157370400387], [-0.35291543521742497, -0.8282207667391629, -0.43531715552721256, 79.04055969540784], [-0.7765863845564914, -0.00022357639560495723, 0.6300107332043184, 56.18581563997027], [0.0, 0.0, 0.0, 1.0]], [[-0.5087242695959266, 0.5604060221887629, -0.6535630230949444, 116.96724307902579], [-0.34396811226124313, -0.8282179575242948, -0.4424261754716995, 78.3781761179963], [-0.7892309813288371, -0.0002680901405370718, 0.6140963882435216, 59.867826712582556], [0.0, 0.0, 0.0, 1.0]], [[-0.4953534157588242, 0.5604109017552666, -0.6637503532793926, 115.93122392222476], [-0.3348781461912786, -0.8282146402254513, -0.44935187157679746, 77.67385455973961], [-0.8015495039923537, -0.0003124931317610294, 0.5979283267697528, 63.52513079620774], [0.0, 0.0, 0.0, 1.0]], [[-0.48177826572206384, 0.5604165266701591, -0.6736638149646024, 114.83394426928527], [-0.32564929256535363, -0.8282108162131879, -0.4560913824619487, 76.92788601406028], [-0.8135368630974448, -0.00035676702399373725, 0.5815132286858046, 67.15621686023762], [0.0, 0.0, 0.0, 1.0]], [[-0.4680044281161416, 0.5604228946094826, -0.6832993123620646, 113.6758574659241], [-0.31628536432327026, -0.828206487067412, -0.4626419236698049, 76.14057868100944], [-0.8251881060161351, -0.00040089352528983055, 0.5648578759586876, 70.7595847061494], [0.0, 0.0, 0.0, 1.0]], [[-0.45403759366016094, 0.5604300029422962, -0.6926528645253882, 112.45744198058873], [-0.3067902302114773, -0.828201654576728, -0.46900078881663654, 75.31225783993247], [-0.8364984189882693, -0.00044485440459922837, 0.5479691498176312, 74.33374558731894], [0.0, 0.0, 0.0, 1.0]], [[-0.4398835328106872, 0.5604378487317623, -0.7017206069950447, 111.17920120677599], [-0.2971678131846822, -0.8281963207376997, -0.47516535071048704, 74.44326571507855], [-0.8474631291103369, -0.0004886314992990344, 0.5308540279110746, 77.8772228241028], [0.0, 0.0, 0.0, 1.0]], [[-0.42554809337766103, 0.5604464287363601, -0.7104987933949863, 109.84166325505316], [-0.28742208878506625, -0.8281904877540259, -0.48113306243660914, 73.53396133420952], [-0.8580777062661039, -0.000532206722698239, 0.5135195814238238, 81.38855241393472], [0.0, 0.0, 0.0, 1.0]], [[-0.4110372042562546, 0.5604557450812577, -0.718983809029972, 108.44538298418473], [-0.27755708946054863, -0.828184154162588, -0.48690145307054294, 72.58472075982088], [-0.8683377857726451, -0.0005755710228764572, 0.49597298488042607, 84.86628556933462], [0.0, 0.0, 0.0, 1.0]]]], ["pivot", [[[-0.4110372042562547, 0.5604557450812577, -0.718983809029972, 108.44538298418472], [-0.2775570894605486, -0.828184154162588, -0.486901453070543, 72.58472075982087], [-0.8683377857726451, -0.0005755710228764985, 0.495972984880426, 84.86628556933462], [0.0, 0.0, 0.0, 1.0]], [[-0.3962244598538363, 0.5604658763839139, -0.7272441967481735, 106.9773563905786], [-0.26748687677347455, -0.8281772665548786, -0.4925171485109104, 71.58670583252083], [-0.8783262378251495, -0.0006190747078983553, 0.47806137744855826, 88.37185778307335], [0.0, 0.0, 0.0, 1.0]], [[-0.3812454323946241, 0.5604767433523656, -0.7351990772064867, 105.45018611945574], [-0.2573036191500487, -0.8281698788162796, -0.49792514961720047, 70.54848300076308], [-0.8879452687039092, -0.0006623180121011774, 0.4599486989481359, 91.84028923370127], [0.0, 0.0, 0.0, 1.0]], [[-0.36610642200910176, 0.5604883414160018, -0.7428451046079293, 103.86451449369086], [-0.24701159963547842, -0.8281619940540507, -0.5031231818016458, 69.4704889377114], [-0.8971908326756601, -0.0007052827474910874, 0.4416425675131316, 95.2701211101726], [0.0, 0.0, 0.0, 1.0]], [[-0.35081379611605407, 0.5605006656967139, -0.7501790630581159, 102.22100844163926], [-0.2366151470198712, -0.8281536155844965, -0.5081090587887283, 68.35317704418071], [-0.90605904108611, -0.0007479508432392764, 0.4231506826431961, 98.65991083629754], [0.0, 0.0, 0.0, 1.0]], [[-0.3353739867444516, 0.5605137110109496, -0.7571978679178517, 100.52035921662878], [-0.22611863401755866, -0.8281447469315751, -0.512880683534719, 67.19701725793837], [-0.9145461639954954, -0.0007903043532829999, 0.4044808219652739, 102.00823267748521], [0.0, 0.0, 0.0, 1.0]], [[-0.31979348782815914, 0.5605274718718917, -0.7638985671005225, 98.7632821062208], [-0.21552647542794742, -0.8281353918254124, -0.5174360491096889, 66.00249585604959], [-0.9226486317473808, -0.0008323254638726889, 0.3856408379623584, 105.31367834040289], [0.0, 0.0, 0.0, 1.0]], [[-0.3040788524746092, 0.5605419424917669, -0.7702783423137325, 96.95051613136286], [-0.20484312627866874, -0.8281255542007361, -0.5217732395416164, 64.7701152503511], [-0.930363036470046, -0.0008739965010653265, 0.3666386546707633, 108.57485756529975], [0.0, 0.0, 0.0, 1.0]], [[-0.2882366902085858, 0.560557116784279, -0.7763345102446694, 95.08282373555866], [-0.19407307995180792, -0.8281152381952194, -0.5258904306222391, 63.50039377613815], [-0.9376861335098255, -0.0009152999381576626, 0.3474822643472984, 111.79039871074562], [0.0, 0.0, 0.0, 1.0]], [[-0.27227366419227955, 0.56057298836717, -0.7820645236886966, 93.16099046418684], [-0.18322086629400286, -0.8281044481477409, -0.5297858906743099, 62.19386547415456], [-0.9446148427957987, -0.0009562184030573065, 0.3281797241077515, 114.9589493305388], [0.0, 0.0, 0.0, 1.0]], [[-0.2561964884227835, 0.5605895505649029, -0.7874659726206992, 91.1858246341031], [-0.172291049711205, -0.8280931885965593, -0.5334579812799348, 60.85107986597678], [-0.9511462501352576, -0.000996734685590585, 0.3087391525380928, 118.07917674254062], [0.0, 0.0, 0.0, 1.0]], [[-0.24001192490820733, 0.5606067964114716, -0.7925365852087335, 89.15815699366479], [-0.16128822724890488, -0.8280814642774056, -0.5369051579696866, 59.47260172288692], [-0.9572776084394089, -0.0010368317447401669, 0.28916872627982343, 121.14976858919741], [0.0, 0.0, 0.0, 1.0]], [[-0.22372678082359915, 0.5606247186533285, -0.7972742287695509, 87.07884037332082], [-0.15021702665862963, -0.8280692801214908, -0.5401259708722032, 58.0590108283318], [-0.9630063388787878, -0.001076492715812602, 0.269476676590906, 124.1694333895135], [0.0, 0.0, 0.0, 1.0]], [[-0.2073479056478693, 0.5606433097524367, -0.8016769106655989, 84.94874932691393], [-0.13908210445152616, -0.8280566412534307, -0.5431190653239985, 56.61090173406791], [-0.9683300319679071, -0.0011157009175318982, 0.24967128588372473, 127.13690108224418], [0.0, 0.0, 0.0, 1.0]], [[-0.19088218828292172, 0.5606625618894401, -0.8057427791431174, 82.76877976384623], [-0.12788814393984674, -0.8280435529890932, -0.545883182439231, 55.12888351009484], [-0.9732464485786791, -0.001154439859055161, 0.22976088424152918, 130.0509235600794], [0.0, 0.0, 0.0, 1.0]], [[-0.17433655415620397, 0.5606824669669521, -0.8094701241109798, 80.53984857226243], [-0.11663985326716383, -0.8280300208333593, -0.5484171596391852, 53.613579488482436], [-0.9777535208821845, -0.00119269324690904, 0.20975384591482876, 132.9102751945935], [0.0, 0.0, 0.0, 1.0]], [[-0.15771796230789525, 0.5607030166129616, -0.8128573778599529, 78.26289323340988], [-0.1053419634281398, -0.8280160504778101, -0.5507199311412498, 52.0656270011993], [-0.9818493532183954, -0.0012304449918422136, 0.18965858579920963, 135.7137533517406], [0.0, 0.0, 0.0, 1.0]], [[-0.14103340246395665, 0.5607242021843541, -0.8159031157220695, 75.9388714273369], [-0.09399922627868564, -0.8280016477983323, -0.5527905284071818, 50.48567711205307], [-0.9855322228934835, -0.001267679215593017, 0.16948355589605665, 138.46017889767865], [0.0, 0.0, 0.0, 1.0]], [[-0.12428989209627414, 0.5607460147705464, -0.8186060566698393, 73.56876063009553], [-0.08261641253734647, -0.8279868188526457, -0.5546280805504706, 48.8743943428551], [-0.9888005809043795, -0.0013043802575673212, 0.14923724175766942, 141.14839669470928], [0.0, 0.0, 0.0, 1.0]], [[-0.10749447347113378, 0.5607684451972357, -0.8209650638550455, 71.15355770261846], [-0.0711983097787519, -0.8279715698777569, -0.5562318147026302, 47.23245639392468], [-0.9916530525902792, -0.0013405326814258098, 0.12892815891826623, 143.777276087125], [0.0, 0.0, 0.0, 1.0]], [[-0.09065421068726652, 0.5607914840302568, -0.8229791450868987, 68.69427847144244], [-0.059749720419978135, -0.8279559072873361, -0.5576010563382656, 45.56055385905056], [-0.994088438210821, -0.001376121281575984, 0.108564849312378, 146.34571137675923], [0.0, 0.0, 0.0, 1.0]], [[-0.07377618670471144, 0.5608151215795515, -0.8246474532493495, 66.19195730145493], [-0.048275459700666774, -0.8279398376690176, -0.5587352295587746, 43.85938993502932], [-0.9961057134506927, -0.0014111310895674625, 0.08815587768213788, 148.85262228803956], [0.0, 0.0, 0.0, 1.0]], [[-0.05686750036574564, 0.5608393479032427, -0.8259692866573826, 63.6476466608436], [-0.036780353657750745, -0.8279233677816306, -0.5596338573345707, 42.12968012590321], [-0.997704029850455, -0.0014455473803885904, 0.06770982797497911, 151.29695442234788], [0.0, 0.0, 0.0, 1.0]], [[-0.03993526340913403, 0.5608641528118171, -0.8269440893521435, 61.06241667843159], [-0.025269237095638362, -0.8279065045523574, -0.5602965617057188, 40.372151942021304], [-0.9988827151634023, -0.0014793556786586058, 0.04723529973325368, 153.67767970149748], [0.0, 0.0, 0.0, 1.0]], [[-0.022986597478954925, 0.5608895258724107, -0.8275714513347728, 58.4373546935848], [-0.013746951552710569, -0.8278892550738167, -0.5607230639409049, 38.58754459405118], [-0.9996412736383055, -0.0015125417647167572, 0.026740904477293773, 155.9937968001388], [0.0, 0.0, 0.0, 1.0]], [[-0.0060286311292604795, 0.5609154564131957, -0.8278511087388503, 55.7735647988805], [-0.0022183432649855073, -0.8278716266010837, -0.5609131846546682, 36.77660868206911], [-0.9999793862279236, -0.0015450916806026853, 0.0062352620834324945, 158.2443315669141], [0.0, 0.0, 0.0, 1.0]], [[0.01093150317417161, 0.5609419335278713, -0.8277829439413772, 53.07216737572957], [0.009311738872192147, -0.827853626548637, -0.5608668438828524, 34.94010587986038], [-0.9998969107231966, -0.00157699173592684, -0.014273002841486198, 160.42833743418234], [0.0, 0.0, 0.0, 1.0]], [[0.027886672053728988, 0.560968946080248, -0.8273669856122462, 50.33429862314756], [0.020838445343582323, -0.8278352624872405, -0.5605840611162358, 33.07880861456138], [-0.9993938818130543, -0.0016082285136294738, -0.03477526458759111, 162.54489581614217], [0.0, 0.0, 0.0, 1.0]], [[0.04482974422024049, 0.5609964827089342, -0.8266034087021851, 47.56111007987329], [0.032356928053738396, -0.8278165421407592, -0.5600649552923351, 31.19349974177957], [-0.998470511069829, -0.0016387888756227477, -0.055262899969928475, 164.59311649518648], [0.0, 0.0, 0.0, 1.0]], [[0.0617535934723734, 0.5610245318321128, -0.8254925343691712, 44.75376814003519], [0.04386234236610158, -0.8277974733829099, -0.5593097447453804, 29.284972216326754], [-0.9971271868602672, -0.0016686599683174198, -0.07572729195534512, 166.57213799632473], [0.0, 0.0, 0.0, 1.0]], [[0.07865110169389028, 0.5610530816524131, -0.8240348298433552, 41.91345356256984], [0.05534984914063815, -0.8277780642339504, -0.558318747114484, 27.354028758705045], [-0.9953644741821854, -0.0016978292280282886, -0.09615983328678646, 168.48112794951686], [0.0, 0.0, 0.0, 1.0]], [[0.095515161847511, 0.5610821201618723, -0.8222309082305455, 39.041360974597964], [0.06681461676916181, -0.8277583228573082, -0.5570923792100424, 25.401481517485827], [-0.9931831144268329, -0.0017262843862666188, -0.11655193010347903, 170.31928343976526], [0.0, 0.0, 0.0, 1.0]]]], ["pivot", [[[0.09551516184751105, 0.5610821201618723, -0.8222309082305455, 39.041360974597964], [0.06681461676916188, -0.8277583228573082, -0.5570923792100424, 25.40148151748582], [-0.993183114426833, -0.0017262843862666671, -0.11655193010347915, 170.31928343976526], [0.0, 0.0, 0.0, 1.0]], [[0.11290622439642149, 0.5611126404012445, -0.820002895504877, 36.03930941030683], [0.07863765873653429, -0.8277375741497501, -0.5555776995931236, 23.360583698102662], [-0.9904889403268438, -0.001754937406597791, -0.1375812816604965, 172.23678867971006], [0.0, 0.0, 0.0, 1.0]], [[0.13024614345499702, 0.5611436561329569, -0.8174066918578625, 33.004314382674465], [0.09042593160162277, -0.8277164885894717, -0.5538127111349344, 21.2972897802328], [-0.9873495483479968, -0.0017828015947897295, -0.15854879138980896, 174.07690477158536], [0.0, 0.0, 0.0, 1.0]], [[0.14752712485041156, 0.5611751534156539, -0.8144434642649555, 29.93774010082379], [0.10217413661789242, -0.8276950756542849, -0.5517982071854912, 19.21252720011923], [-0.9837663496251176, -0.0018098644260838147, -0.1794450345418543, 175.83880459602625], [0.0, 0.0, 0.0, 1.0]], [[0.16474140090190895, 0.5612071180915267, -0.8111145446763174, 26.84096496853249], [0.1138769930490274, -0.8276733449691553, -0.5495350932502866, 17.10723304401911], [-0.9797409547810709, -0.0018361137359261157, -0.20026061840090031, 177.52169619133517], [0.0, 0.0, 0.0, 1.0]], [[0.1818812339123195, 0.561239535792676, -0.8074214294181137, 23.715380964650237], [0.12552924054258474, -0.8276513063018748, -0.5470243865832694, 14.982353626990005], [-0.9752751732027986, -0.0018615377254345535, -0.2209861865070057, 179.1248231094632], [0.0, 0.0, 0.0, 1.0]], [[0.1989389196461028, 0.561272391947571, -0.8033657785199261, 20.562393017413633], [0.1371256414944866, -0.82762896955867, -0.5442672157295964, 12.838844067527763], [-0.9703710122280103, -0.0018861249667030762, -0.24161242286168214, 180.64746475602806], [0.0, 0.0, 0.0, 1.0]], [[0.2159067907923464, 0.5613056717875989, -0.7989494149685821, 17.38341837294108], [0.14866098340328648, -0.8276063447797521, -0.5412648200183598, 10.677667858247535], [-0.9650306762429022, -0.0019098644079378758, -0.2621300561153724, 182.08893671421657], [0.0, 0.0, 0.0, 1.0]], [[0.23277722041116938, 0.5613393603537035, -0.7941743238887323, 14.179885958190269], [0.1601300812131523, -0.8275834421348013, -0.538018549005517, 8.499796432800487], [-0.959256565691298, -0.0019327453784256585, -0.282529863734856, 183.44859105242486], [0.0, 0.0, 0.0, 1.0]], [[0.24954262536197905, 0.5613734425031088, -0.7890426516505543, 10.95323573866559], [0.17152777964451335, -0.827560271918397, -0.5345298618672744, 6.306208729221112], [-0.9530512759956679, -0.001954757593329293, -0.302802676148715, 184.72581661549935], [0.0, 0.0, 0.0, 1.0]], [[0.2661954697120385, 0.5614079029161263, -0.7835567049049711, 7.704918071163654], [0.18284895551132177, -0.82753684454539, -0.5308003267441982, 4.097890749901502], [-0.9464175963905033, -0.001975891158311853, -0.3229393808689909, 185.9200392994467], [0.0, 0.0, 0.0, 1.0]], [[0.2827282681238182, 0.5614427261030406, -0.7777189495468297, 4.4363930518479435], [0.19408852002388965, -0.8275131705462216, -0.5268316200363461, 1.8758351183900501], [-0.9393585086685766, -0.001996136573982837, -0.3429309265871859, 187.0307223094896], [0.0, 0.0, 0.0, 1.0]], [[0.2991335892196049, 0.561477896411072, -0.7715320096064984, 1.149129859945269], [0.20524142107625895, -0.8274892605621919, -0.5226255256497396, -0.3589593667847488], [-0.931877185840644, -0.0020154847401762876, -0.3627683272427621, 188.05736640135197], [0.0, 0.0, 0.0, 1.0]]]], ["pivot", [[[0.299133589219605, 0.561477896411072, -0.7715320096064985, 1.1491298599452833], [0.20524142107625898, -0.8274892605621919, -0.5226255256497396, -0.3589593667847524], [-0.931877185840644, -0.002015484740176336, -0.3627683272427621, 188.05736640135197], [0.0, 0.0, 0.0, 1.0]], [[0.3165808464488551, 0.5615159901224329, -0.764510520690087, -2.3961677076841994], [0.21710266611846657, -0.8274633631481122, -0.5178520761897838, -2.769174487972606], [-0.9233867197427993, -0.0020352314720388782, -0.38386564386829053, 189.06772152963603], [0.0, 0.0, 0.0, 1.0]], [[0.3338639206544308, 0.5615544453391208, -0.7570940923688503, -5.95954917701615], [0.2288522938990046, -0.8274372199702882, -0.5128101333502727, -5.191683666993939], [-0.9144186917214452, -0.00205392561235365, -0.40476443087309183, 189.9803282548888], [0.0, 0.0, 0.0, 1.0]], [[0.3509738732865532, 0.561593242172669, -0.7492865603095787, -9.539171619977168], [0.24048422768455485, -0.8274108445495857, -0.507502304749305, -7.625234018011149], [-0.9049777399077357, -0.0020715574927918632, -0.42545387971432325, 190.79471459044012], [0.0, 0.0, 0.0, 1.0]]]], ["pivot", [[[0.3509738732865533, 0.5615932421726689, -0.7492865603095787, -9.539171619977168], [0.24048422768455482, -0.8274108445495857, -0.507502304749305, -7.625234018011152], [-0.9049777399077357, -0.002071557492791847, -0.42545387971432325, 190.79471459044012], [0.0, 0.0, 0.0, 1.0]], [[0.3664536895339287, 0.561628985170008, -0.7418116719923226, -12.824483205579387], [0.2510079390660193, -0.8273865452316725, -0.5024206191190305, -9.858701748264036], [-0.8959390273437171, -0.0020867365000124373, -0.4441721600786115, 191.55123750737397], [0.0, 0.0, 0.0, 1.0]], [[0.38177479348818066, 0.5616649813602917, -0.7340166465712622, -16.12208905497061], [0.26142375238309845, -0.8273620737844736, -0.49712129327709503, -12.100527543378043], [-0.8865132040971289, -0.002101013878144235, -0.46269852583396587, 192.22502531040107], [0.0, 0.0, 0.0, 1.0]], [[0.39693056532047194, 0.5617012151905536, -0.7259048520631033, -19.430564363100192], [0.2717271672485116, -0.8273374407814299, -0.49160661691686114, -14.349742771909188], [-0.8767043428076926, -0.002114383458323678, -0.4810249722458294, 192.81578687429047], [0.0, 0.0, 0.0, 1.0]], [[0.41191445663744075, 0.5617376710051492, -0.717479793351787, -22.74847962852245], [0.28191373183926666, -0.8273126568657864, -0.48587897277874387, -16.605375609641975], [-0.8665166816153633, -0.0021268394639219145, -0.49914358095931033, 193.323266947172], [0.0, 0.0, 0.0, 1.0]], [[0.4267199933105826, 0.5617743330525206, -0.708745110674125, -26.074401271045023], [0.2919790448201705, -0.8272877327459937, -0.4799408356206948, -18.86645145948795], [-0.855954622329146, -0.0021383765130405653, -0.5170465234204867, 193.7472462608238], [0.0, 0.0, 0.0, 1.0]], [[0.44134077827354273, 0.5618111854920028, -0.6997045780469534, -29.40689225113963], [0.3019187572455254, -0.8272626791910799, -0.4737947711489262, -21.13199337258243], [-0.8450227285251929, -0.002148989620836975, -0.534726064258909, 194.08754162541206], [0.0, 0.0, 0.0, 1.0]], [[0.455770494286114, 0.5618482124006675, -0.6903621016364843, -32.744512690847344], [0.311728574438189, -0.8272375070259992, -0.4674434349093406, -23.401022470397255], [-0.8337257235750101, -0.0021586742016783825, -0.5521745646298428, 194.34400600864242], [0.0, 0.0, 0.0, 1.0]], [[0.4700029066637423, 0.5618853977802027, -0.6807217180705566, -36.08582049591044], [0.32140425784518684, -0.827212227126954, -0.4608895711401418, -25.67255836768742], [-0.8220684886046157, -0.0021674260711230563, -0.569384485514803, 194.5165285992884], [0.0, 0.0, 0.0, 1.0]], [[0.48403186597136305, 0.5619227255638257, -0.6707875926945217, -39.429371978861724], [0.33094162686907436, -0.8271868504166953, -0.4541360115861246, -27.945619596088576], [-0.8100560603855409, -0.002175241447728137, -0.5863483909789574, 194.60503485506993], [0.0, 0.0, 0.0, 1.0]], [[0.4978513106804044, 0.5619601796232254, -0.6605640177715115, -42.77372248280236], [0.3403365606742586, -0.8271613878598034, -0.4471856742751558, -30.219224028182655], [-0.7976936291585781, -0.002182116954683823, -0.6030589513839901, 194.6094865348613], [0.0, 0.0, 0.0, 1.0]], [[0.5114552697878052, 0.5619977437755291, -0.6500554106278682, -46.117427005598394], [0.34958499996749853, -0.827135850457951, -0.4400415622573745, -32.492389301848156], [-0.784986536391221, -0.002188049621272065, -0.6195089465550373, 194.5298817152137], [0.0, 0.0, 0.0, 1.0]], [[0.524837865395924, 0.5620354017902974, -0.6392663117445401, -49.45904082422667], [0.3586829487518141, -0.8271102492451491, -0.4327067623076563, -34.76413324471193], [-0.7719402724697618, -0.0021930368841503586, -0.6356912689003269, 194.36625479118646], [0.0, 0.0, 0.0, 1.0]], [[0.5379933152522168, 0.5620731373965349, -0.6282013827952635, -52.797120118999935], [0.36762647605304694, -0.8270845952829796, -0.4251844435919025, -37.03347429851882], [-0.7585604743270475, -0.0021970765884591604, -0.6515989264821738, 194.11867646148613], [0.0, 0.0, 0.0, 1.0]], [[0.5509159352475884, 0.5621109342897204, -0.6168654046323816, -56.13022259740179], [0.37641171761832637, -0.8270588996558159, -0.41747785629773043, -39.2994319432362], [-0.7448529230069142, -0.0022001669887530425, -0.6672250460380044, 193.787253697919], [0.0, 0.0, 0.0, 1.0]], [[0.5636001418723421, 0.5621487761388537, -0.6052632752211696, -59.45690811726165], [0.38503487758570754, -0.8270331734660341, -0.40959033023015695, -41.56102712070969], [-0.7308235411663581, -0.0022023067497548635, -0.6825628759501053, 193.37212969917204], [0.0, 0.0, 0.0, 1.0]], [[0.5760404546286596, 0.5621866465935094, -0.5934000075235574, -62.77573930900074], [0.3934922301242586, -0.8270074278292149, -0.4015252733728802, -43.81728265768736], [-0.7164783905165161, -0.002203494946932472, -0.6976057891628112, 192.8734838289403], [0.0, 0.0, 0.0, 1.0]], [[0.5882314949500334, 0.5622245240271858, -0.5812807196999047, -66.08528254491031], [0.4017801231680176, -0.8269816774508686, -0.39328617164147484, -46.06722387980742], [-0.7018236480856865, -0.0022037299196721624, -0.7123472687855876, 192.29152623866185], [0.0, 0.0, 0.0, 1.0]]]], ["setGripper", 28.3706655768], ["fingerGait", [[[0.5882314949500331, 0.5622245240271858, -0.5812807196999042, -66.08528254491033], [0.4017801231680174, -0.8269816774508689, -0.393286171641475, -46.067223879807386], [-0.7018236480856866, -0.0022037299196721654, -0.7123472687855875, 192.2915262386619], [0.0, 0.0, 0.0, 1.0]], [[0.6160450362026778, 0.5622245242182079, -0.551717391334763, -66.34221430915117], [0.4205937988908459, -0.8269816773200389, -0.3730980256290155, -46.249875644217326], [-0.6660250482759983, -0.0022037302811519967, -0.7459260683378404, 192.06665792673118], [0.0, 0.0, 0.0, 1.0]], [[0.6423744711125602, 0.5622245244236822, -0.5208249275553233, -66.59914607339202], [0.4383942273803852, -0.826981677179415, -0.3520110538404222, -46.432527408627266], [-0.6286219359024149, -0.002203730630835887, -0.7777078667840214, 191.84178961480046], [0.0, 0.0, 0.0, 1.0]], [[0.6671563697693145, 0.5622245246431138, -0.4886777510073885, -66.85607783763287], [0.4551385258483252, -0.8269816770293359, -0.33007605663411577, -46.615179173037205], [-0.5897044183323512, -0.002203730967881418, -0.8076160989933711, 191.61692130286974], [0.0, 0.0, 0.0, 1.0]], [[0.6903310304126914, 0.562224524875974, -0.45535330704950605, -67.11300960187371], [0.47078635581590283, -0.8269816768701632, -0.3073458773358808, -46.797830937447145], [-0.5493662512677272, -0.0022037312914766167, -0.8355787134199777, 191.39205299093902], [0.0, 0.0, 0.0, 1.0]], [[0.7118426232593175, 0.5622245251217016, -0.4209318771803284, -67.36994136611456], [0.48530002029282343, -0.8269816767022804, -0.2838752749346747, -46.980482701857085], [-0.5077046128792853, -0.002203731600841915, -0.8615283456812505, 191.1671846790083], [0.0, 0.0, 0.0, 1.0]], [[0.7316393250015237, 0.5622245253797049, -0.3854963856334645, -67.6268731303554], [0.49864455459260587, -0.8269816765260919, -0.25972079216343613, -47.163134466267024], [-0.4648198696958823, -0.0022037318952320235, -0.8854024808446057, 190.94231636707758], [0.0, 0.0, 0.0, 1.0]], [[0.7496734436542241, 0.5622245256493623, -0.3491321996057523, -67.88380489459625], [0.5107878105655688, -0.8269816763420222, -0.2349406192826988, -47.345786230676964], [-0.4208153348127476, -0.0022037321739377318, -0.9071436040314047, 190.71744805514686], [0.0, 0.0, 0.0, 1.0]], [[0.7659015334490767, 0.5622245259300241, -0.3119269236002188, -68.1407366588371], [0.5217005340465336, -0.8269816761505148, -0.20959445389516676, -47.528437995086904], [-0.37579701900120516, -0.0022037324362876127, -0.9266993389753239, 190.49257974321614], [0.0, 0.0, 0.0, 1.0]], [[0.780284499499138, 0.5622245262210142, -0.2739701883791738, -68.39766842307795], [0.5313564353306657, -0.8269816759520309, -0.18374335712897086, -47.71108975949684], [-0.32987337531945843, -0.002203732681649643, -0.944022574201359, 190.26771143128542], [0.0, 0.0, 0.0, 1.0]], [[0.7927876919818625, 0.5622245265216315, -0.2353534350358686, -68.65460018731879], [0.5397322525076717, -0.8269816757470487, -0.1574496065360733, -47.89374152390678], [-0.2831550378396919, -0.0022037329094327235, -0.9590715765214874, 190.0428431193547], [0.0, 0.0, 0.0, 1.0]], [[0.8033809896135545, 0.5622245268311519, -0.19616969470490844, -68.91153195155964], [0.5468078075017744, -0.8269816755360622, -0.13077654606020067, -48.07639328831672], [-0.23575455512092028, -0.0022037331190881055, -0.9718100915735653, 189.81797480742398], [0.0, 0.0, 0.0, 1.0]], [[0.812038872214174, 0.5622245271488296, -0.15651336444211664, -69.16846371580048], [0.5525660546824619, -0.8269816753195793, -0.10378843343574629, -48.25904505272666], [-0.1877861190696707, -0.002203733310110711, -0.9822074311612562, 189.59310649549326], [0.0, 0.0, 0.0, 1.0]], [[0.8187404821876809, 0.5622245274738995, -0.11647997981377525, -69.42539548004133], [0.5569931219289012, -0.8269816750981219, -0.07655028538527058, -48.4416968171366], [-0.1393652898416977, -0.002203733482040349, -0.9902385471845782, 189.36823818356254], [0.0, 0.0, 0.0, 1.0]], [[0.8234696747698075, 0.5622245278055783, -0.07616598474309431, -69.68232724428218], [0.5600783440490898, -0.8269816748722233, -0.04912772098853286, -48.62434858154654], [-0.09060871744746582, -0.002203733634462826, -0.9958840919829666, 189.14336987163182], [0.0, 0.0, 0.0, 1.0]], [[0.8262150569222064, 0.562224528143067, -0.035668499168369845, -69.93925900852302], [0.5618142884732366, -0.8269816746424278, -0.021586803600391943, -48.80700034595648], [-0.04163386073207717, -0.0022037337670109437, -0.9991304649454795, 188.9185015597011], [0.0, 0.0, 0.0, 1.0]], [[0.8269700013848528, 0.5622245240271858, 0.004914908426268565, -70.1961907727638], [0.5621967688044794, -0.8269816774508689, 0.0060061132675770885, -48.989652110366464], [0.007441323489698501, -0.0022037299196721654, -0.9999698666857633, 188.69363324777058], [0.0, 0.0, 0.0, 1.0]]]], ["closeGripper", 0], ["pivot", [[[0.8269700013848529, 0.5622245240271857, 0.0049149084262685655, -70.19619077276379], [0.5621967688044796, -0.8269816774508689, 0.0060061132675770885, -48.989652110366464], [0.007441323489698502, -0.002203729919672165, -0.9999698666857632, 188.69363324777058], [0.0, 0.0, 0.0, 1.0]], [[0.8264474668836038, 0.5622247126393224, 0.030550813570596545, -75.03330712067061], [0.5621224643723826, -0.8269816300324299, 0.012447709234786516, -50.20505506455376], [0.032264005553977015, -0.0022037155085299015, -0.9995159184101593, 188.6214796256573], [0.0, 0.0, 0.0, 1.0]]]]]