[["init", [[[-2.7091138221635447e-08, 1.0000000000000007, 3.430387159734227e-08, 0.11784590326444684], [0.6197729706764213, 4.3711387132072574e-08, -0.7847811111938263, 15.919918224952717], [-0.78478115797043, -3.207131430899357e-16, -0.6197729337350744, 110.02460248241727], [0.0, 0.0, 0.0, 1.0]]]], ["closeGripper", 0], ["pivot", [[[-2.7091138221635444e-08, 1.0000000000000007, 3.4303871597342275e-08, 0.11784590326444686], [0.6197729706764215, 4.371138713207258e-08, -0.7847811111938264, 15.919918224952719], [-0.7847811579704302, -3.2071314574101734e-16, -0.6197729337350744, 110.02460248241727], [0.0, 0.0, 0.0, 1.0]], [[-2.788859407678144e-08, 1.0000000000000007, 3.4173751468698305e-08, 0.11784594650873147], [0.6353535823265273, 4.4108818747404955e-08, -0.7722213124640861, 13.700539539123131], [-0.7722213584920676, 1.7624953770901396e-10, -0.6353535444565035, 111.76247193426786], [0.0, 0.0, 0.0, 1.0]], [[-2.8683286328361462e-08, 1.0000000000000007, 3.402769903448675e-08, 0.11784599185104995], [0.6506797323115873, 4.4502643735530675e-08, -0.7593522359929125, 11.446827749287795], [-0.7593522812538374, 3.6041734213557347e-10, -0.6506796935280538, 113.45558006759762], [0.0, 0.0, 0.0, 1.0]], [[-2.9474896698932566e-08, 1.0000000000000007, 3.386577278929494e-08, 0.11784603927324251], [0.6657452824468922, 4.4892704367958096e-08, -0.7461790358971903, 9.159685476082721], [-0.7461790803729311, 5.524293326201526e-10, -0.6657452427653819, 115.10324878578965], [0.0, 0.0, 0.0, 1.0]], [[-3.026310814535758e-08, 1.0000000000000007, 3.368803758523533e-08, 0.11784608875631636], [0.6805441989190211, 4.527884442383514e-08, -0.7327069880965392, 6.840028729186994], [-0.7327070317692831, 7.522086075883191e-10, -0.6805441583554266, 116.70481819089555], [0.0, 0.0, 0.0, 1.0]], [[-3.10476049857821e-08, 1.0000000000000004, 3.349456460597196e-08, 0.11784614028045333], [0.6950705547024069, 4.566090925251641e-08, -0.7189414882002864, 4.4887865404571485], [-0.7189415310525424, 9.59675154636948e-10, -0.6950705132729741, 118.25964684792726], [0.0, 0.0, 0.0, 1.0]], [[-3.1828073026066386e-08, 1.0000000000000007, 3.328543133821115e-08, 0.11784619382501783], [0.7093185319331349, 4.603874583550141e-08, -0.7048880493465035, 2.1069005918462036], [-0.7048880913611094, 1.1747458825795364e-09, -0.7093184896544567, 119.76711204175426], [0.0, 0.0, 0.0, 1.0]], [[-3.260419968562133e-08, 1.0000000000000004, 3.3060721540667755e-08, 0.11784624936856498], [0.7232824242390207, 4.641220284771901e-08, -0.6905522999939729, -0.30467516174375575], [-0.6905523411541016, 1.3973346547245734e-09, -0.7232823811280293, 121.22661002650356], [0.0, 0.0, 0.0, 1.0]], [[-3.337567412259829e-08, 1.0000000000000004, 3.282052521051945e-08, 0.11784630688884944], [0.736956639025034, 4.6781130718133825e-08, -0.6759399816679674, -2.7449748745242664], [-0.675940021957134, 1.6273523233735637e-09, -0.7369565950989961, 122.63755626736234], [0.0, 0.0, 0.0, 1.0]], [[-3.4142187358382465e-08, 1.0000000000000004, 3.256493854736251e-08, 0.11784636636283402], [0.7503356997131573, 4.714538168964997e-08, -0.6610569466607459, -5.213021196645745], [-0.6610569860628142, 1.8647067655251073e-09, -0.750335654989665, 123.99938567468647], [0.0, 0.0, 0.0, 1.0]], [[-3.4903432401340096e-08, 1.0000000000000004, 3.229406391468346e-08, 0.11784642776669924], [0.7634142479357754, 4.750480987828837e-08, -0.6459091556876863, -7.707825665629998], [-0.6459091941868758, 2.1093029197705148e-09, -0.763414202432741, 125.31155283032113], [0.0, 0.0, 0.0, 1.0]], [[-3.565910436976983e-08, 1.0000000000000007, 3.200800979886214e-08, 0.11784649107585259], [0.776187045681725, 4.785927133161391e-08, -0.6305026754999964, -10.228389102253328], [-0.630502713080888, 2.3610428243662717e-09, -0.7761869994173727, 126.57353220604318], [0.0, 0.0, 0.0, 1.0]], [[-3.640890061400908e-08, 1.0000000000000002, 3.170689076572239e-08, 0.1178465562649384], [0.7886489773941378, 4.82086240863889e-08, -0.6148436764549542, -12.773702010721948], [-0.6148437131024967, 2.6198256564681226e-09, -0.7886489303869963, 127.78481837403699], [0.0, 0.0, 0.0, 1.0]], [[-3.715252083764642e-08, 1.0000000000000004, 3.139082741464806e-08, 0.11784662330784833], [0.8007950520192426, 4.855272822543002e-08, -0.5989384300446567, -15.342744982979008], [-0.5989384657441726, 2.8855477725110007e-09, -0.8007950042881387, 128.94492620932076], [0.0, 0.0, 0.0, 1.0]], [[-3.7889667217791534e-08, 1.0000000000000004, 3.1059946330282416e-08, 0.1178466921777313], [0.8126204050053014, 4.8891445933645604e-08, -0.5827933063842599, -17.934489106981754], [-0.5827933411214512, 3.1581027497187414e-09, -0.8126203565693517, 130.05339108404044], [0.0, 0.0, 0.0, 1.0]], [[-3.862004452435444e-08, 1.0000000000000004, 3.071438003183055e-08, 0.11784676284700468], [0.8241203002508838, 4.922464155323125e-08, -0.566414771660724, -20.547896378784774], [-0.5664148054216784, 3.43738142872676e-09, -0.8241202511294868, 131.10976905355574], [0.0, 0.0, 0.0, 1.0]], [[-3.934336023828637e-08, 1.0000000000000004, 3.0354266919984785e-08, 0.11784683528736518], [0.835290132001692, 4.955218163800123e-08, -0.5498093855430781, -23.181920118264884], [-0.5498094183142745, 3.7232719573009127e-09, -0.8352900822145211, 132.11363703424118], [0.0, 0.0, 0.0, 1.0]], [[-4.005932466873478e-08, 1.0000000000000004, 2.997975122149476e-08, 0.11784690946980013], [0.8461254266951856, 4.987393500683425e-08, -0.5329837985552478, -25.835505388320666], [-0.532983830323561, 4.0156598351346745e-09, -0.8461253762621808, 133.06459297293299], [0.0, 0.0, 0.0, 1.0]], [[-4.076765106906577e-08, 1.0000000000000007, 2.9590982931404007e-08, 0.11784698536459914], [0.8566218447522623, 5.0189772796212064e-08, -0.5159447494124926, -28.507589417378966], [-0.5159447801651993, 4.314427959707013e-09, -0.8566217936936222, 133.9622560079532], [0.0, 0.0, 0.0, 1.0]], [[-4.146805575170717e-08, 1.0000000000000004, 2.9188117752976265e-08, 0.11784706294136606], [0.8667751823152741, 5.049956851182972e-08, -0.4986990623225231, -31.197102025039378], [-0.49869909204730656, 4.619456673182427e-09, -0.866775130651448, 134.80626662164582], [0.0, 0.0, 0.0, 1.0]], [[-4.216025820176663e-08, 1.0000000000000004, 2.8771317035335778e-08, 0.11784714216903107], [0.8765813729316918, 5.080319807925719e-08, -0.48125364425237915, -33.90296605068557], [-0.48125367293733445, 4.930623810334385e-09, -0.8765813206833711, 135.5962867843657], [0.0, 0.0, 0.0, 1.0]], [[-4.284398118937894e-08, 1.0000000000000002, 2.8340747708846296e-08, 0.11784722301586315], [0.8860364891827339, 5.110053989363152e-08, -0.4636154821621612, -36.624097784892626], [-0.4636155097958002, 5.247804747472962e-09, -0.8860364363708443, 136.33200008986017], [0.0, 0.0, 0.0, 1.0]], [[-4.351895088073772e-08, 1.0000000000000004, 2.7896582218254788e-08, 0.1178473054494829], [0.8951367442563144, 5.1391474868360204e-08, -0.4457916402067258, -39.35940740345681], [-0.44579166677798093, 5.570872452357183e-09, -0.8951366909020073, 137.01311188199153], [0.0, 0.0, 0.0, 1.0]], [[-4.418489694776689e-08, 1.0000000000000002, 2.7438998453626603e-08, 0.1178473894368752], [0.9038784934636757, 5.1675886482815704e-08, -0.427789256906461, -42.107799403874836], [-0.42778928240469044, 5.8996975350718924e-09, -0.9038784395883198, 137.63934937274755], [0.0, 0.0, 0.0, 1.0]], [[-4.4841552676388275e-08, 1.0000000000000002, 2.6968179679099842e-08, 0.11784747494440284], [0.9122582356991026, 5.195366082900262e-08, -0.40961554228828295, -44.86817304409674], [-0.4096155667032744, 6.234148299848948e-09, -0.9122581813242752, 138.21046175149462], [0.0, 0.0, 0.0, 1.0]], [[-4.548865507334156e-08, 1.0000000000000004, 2.6484314459487288e-08, 0.11784756193781978], [0.9202726148421271, 5.22246866571781e-08, -0.39127777499798855, -47.63942278337772], [-0.3912777983199637, 6.574090797811964e-09, -0.9202725599896056, 138.72622028542813], [0.0, 0.0, 0.0, 1.0]], [[-4.6125944971514154e-08, 1.0000000000000002, 2.598759658475544e-08, 0.11784765038228465], [0.9279184211016692, 5.2488855420407913e-08, -0.37278329938513, -50.42043872505155], [-0.37278332160474836, 6.919388880623257e-09, -0.927918365793422, 139.1864184111808], [0.0, 0.0, 0.0, 1.0]], [[-4.675316713373877e-08, 1.0000000000000002, 2.5478224992410876e-08, 0.1178477402423752], [0.9351925923015716, 5.274606131803994e-08, -0.35413952256157316, -53.210107061048575], [-0.35413954366993583, 7.269904255011926e-09, -0.93519253655975, 139.59087181755243], [0.0, 0.0, 0.0, 1.0]], [[-4.737007035501679e-08, 1.0000000000000002, 2.4956403687824967e-08, 0.11784783148210208], [0.9420922151070127, 5.299620133807772e-08, -0.3353539114349191, -56.00731051798056], [-0.335353931423572, 7.625496538160814e-09, -0.9420921589539415, 139.93941851932715], [0.0, 0.0, 0.0, 1.0]], [[-4.797640756312697e-08, 1.0, 2.442234166252891e-08, 0.11784792406492335], [0.9486145261913094, 5.323917529843719e-08, -0.3164339897179778, -58.8109288046129], [-0.31643400857891546, 7.986023313930326e-09, -0.9486144696494783, 140.23191892214905], [0.0, 0.0, 0.0, 1.0]], [[-4.8571935917578876e-08, 1.0000000000000002, 2.3876252810511797e-08, 0.11784801795375932], [0.9547569133426407, 5.3474885887070025e-08, -0.29738733491549113, -61.61983906054593], [-0.29738735264115945, 8.351340189896795e-09, -0.9547568564346947, 140.46825587843043], [0.0, 0.0, 0.0, 1.0]], [[-4.915641690687135e-08, 1.0000000000000002, 2.3318355842555145e-08, 0.11784811311100707], [0.9605169165102478, 5.370323870093745e-08, -0.2782215752893105, -64.43291630592506], [-0.2782215918726106, 8.721300855182126e-09, -0.960516859258979, 140.64833473426972], [0.0, 0.0, 0.0, 1.0]], [[-4.9729616444017496e-08, 1.0000000000000002, 2.2748874198638425e-08, 0.11784820949855572], [0.9658922287896964, 5.392414228381911e-08, -0.25894438680324916, -67.24903389199959], [-0.258944402237539, 9.095757139051911e-09, -0.965892171218034, 140.77208336736095], [0.0, 0.0, 0.0, 1.0]], [[-5.850884878749576e-08, 0.9999999999999993, 9.407422782229548e-09, 0.11785031957073891], [0.9708806973467986, 5.905878599524058e-08, -0.23956349004882646, -70.0670639517702], [-0.23956350432792545, 2.38322162379134e-08, -0.9708806394778013, 140.8394522175708], [0.0, 0.0, 0.0, 1.0]]]]]